k Re
1.000000000000000056e-01 9.855851237033433354e-03
1.473684210526315930e-01 1.712495580610428822e-02
1.947368421052631526e-01 2.712543932578800193e-02
2.421052631578947401e-01 4.073525248914160873e-02
2.894736842105263275e-01 5.672673972442886930e-02
3.368421052631579427e-01 7.272085185711182898e-02
3.842105263157894468e-01 8.671410623390476968e-02
4.315789473684210620e-01 9.742717775038460537e-02
4.789473684210526772e-01 1.041143962511811433e-01
5.263157894736841813e-01 1.063614803600433506e-01
5.736842105263157965e-01 1.039473781645308958e-01
6.210526315789474117e-01 9.675288325584648075e-02
6.684210526315789158e-01 8.469938475562162339e-02
7.157894736842105310e-01 6.770900969503695910e-02
7.631578947368421462e-01 4.568385676086476888e-02
8.105263157894736503e-01 1.850879818842904312e-02
8.578947368421052655e-01 -1.390790455367073818e-02
9.052631578947368807e-01 -5.152568233165820411e-02
9.526315789473683848e-01 -9.393758749733635560e-02
1.000000000000000000e+00 -1.399272294745616818e-01