512
0.01617742119979449
0 1.149961895291257 2.093709759729717e-05 7.639675314392291e-06 0.01826132767580948
0.005269767815993236 1.149184041584289 0.01084829267850953 0.01486363085077384 0.01833415479605555
0.01053953563198647 1.146674174329493 0.02165032321633995 0.02936377164505323 0.01833560622494834
0.01580930344797971 1.142419122847042 0.03238696208631003 0.04369106180141846 0.01827314737799286
0.02107907126397295 1.13673562402994 0.04282009899527114 0.05738915936214137 0.01829441102406331
0.02634883907996618 1.129495445123686 0.05341365103387632 0.07063905503036734 0.01839183157594316
0.03161860689595942 1.120792346465195 0.06387782962659994 0.08290943408463686 0.0184244872569999
0.03688837471195265 1.110594401601762 0.07420698813650593 0.09439741691614857 0.01840887663510384
0.04215814252794589 1.099394540149394 0.08423721328488411 0.1048247081844322 0.01846218406278321
0.04742791034393913 1.086962060153555 0.09437508979146797 0.1142715653827077 0.01854919809522126
0.05269767815993236 1.073600815926429 0.1042798522689106 0.1223001479909143 0.01856625528794324
0.0579674459759256 1.059219793130566 0.1140044523055192 0.1291225897336354 0.01857792447855002
0.06323721379191884 1.044360714039481 0.1235211205245099 0.1346623472562939 0.01866613974901129
0.06850698160791208 1.028760425193286 0.133180942281219 0.1388823776269665 0.01874279289309687
0.0737767494239053 1.012879324492826 0.1425792805143888 0.1415573979410496 0.01873254216632433
0.07904651723989854 0.996551714616541 0.1518219379432663 0.1428939946389434 0.01874553832522421
0.08431628505589178 0.9802806163842702 0.1609852657373051 0.1429343867540573 0.01883632284888074
0.08958605287188502 0.9638257385181128 0.1703575022262743 0.1415214193236925 0.01889417362173679
0.09485582068787826 0.9476676722161298 0.1795287210128929 0.1387162943315964 0.01887938643475125
0.1001255885038715 0.9315600621562071 0.1886905642585332 0.1346941941042258 0.01889997282917481
0.1053953563198647 0.91597480753108 0.1979243316788405 0.1295522503870237 0.01896218906623586
0.110665124135858 0.9007422383746722 0.2074086703920855 0.1230524515787181 0.0189811286993863
0.1159348919518512 0.8862217875178372 0.2167948190517214 0.1154927498239855 0.0189787260399896
0.1212046597678444 0.8721203976717968 0.2264085152659447 0.1069573781370076 0.01902207716159585
0.1264744275838377 0.8588938157475562 0.2362520127959911 0.09760431824467733 0.01905323800061719
0.1317441953998309 0.8464192677900924 0.2463773897813335 0.08719625583251847 0.01903481855805751
0.1370139632158242 0.8348789269174045 0.2565238015300904 0.07615655815756653 0.01904321296230718
0.1422837310318174 0.8240451675929363 0.26713351479163 0.06444369557208741 0.01909520722578752
0.1475534988478106 0.8143304124542212 0.2780817736556271 0.05229304828147006 0.01910305649267319
0.1528232666638039 0.8055675975374313 0.2893697102256121 0.03950447666160172 0.01907728999384311
0.1580930344797971 0.7977803572459891 0.3008251245494492 0.0265381628956365 0.01909277277282117
0.1633628022957903 0.790910104361176 0.3129027322703023 0.01327833231986903 0.01911786052631111
0.1686325701117836 0.7852669963485044 0.3253198430609879 1.876722505189445e-05 0.01910079896480444
0.1739023379277768 0.7805997902122024 0.3381623163298534 -0.01343277695731444 0.01909529982825811
0.17917210574377 0.7768349206621931 0.3513316954231828 -0.02661800939951467 0.01911833928575732
0.1844418735597633 0.7740701934930454 0.3651813753493953 -0.03965211357520114 0.01910007317425685
0.1897116413757565 0.772441227957063 0.3792768160973906 -0.05225084135758883 0.01905999139311761
0.1949814091917497 0.7716794379253663 0.393875768128932 -0.06460537088734412 0.01907346281015896
0.200251177007743 0.771688662999243 0.4088892190061797 -0.07625215522561346 0.01909421753976004
0.2055209448237362 0.77262619584963 0.4245448772947448 -0.0872927989476759 0.01904995792658686
0.2107907126397295 0.7744125935486599 0.4403385635977722 -0.09754540000770094 0.01900928350210984
0.2160604804557227 0.776845127261507 0.4566717843943723 -0.1071422670840189 0.01902027116324103
0.2213302482717159 0.7798423953820942 0.4733362965684059 -0.1156155753161681 0.01901102784466997
0.2266000160877092 0.783550047965074 0.490501463962789 -0.1230774761252833 0.01896205619348089
0.2318697839037024 0.787705560331423 0.5077196114558705 -0.12949143035053 0.01894878049303441
0.2371395517196956 0.7921824442311349 0.5254411969995724 -0.1348707139887054 0.01894377277505439
0.2424093195356889 0.7969017825718769 0.5432296952205777 -0.1388311188098194 0.01888251529353703
0.2476790873516821 0.8019846601753351 0.5612703785950762 -0.1414965337564297 0.0188285945720375
0.2529488551676753 0.8070681858851035 0.579228466561775 -0.1429346690130372 0.01884363393206607
0.2582186229836686 0.8120573594994844 0.5975199101316457 -0.1430235728418549 0.01882487302395131
0.2634883907996618 0.8168693486843398 0.6155136963127654 -0.1416097190579495 0.0187258329544101
0.2687581586156551 0.8216069299565537 0.6334514669580943 -0.1388068285759314 0.01866448898300982
0.2740279264316483 0.8258894016968099 0.6510463005970654 -0.1347502240203304 0.0186800490851715
0.2792976942476415 0.8296106527007969 0.6686117600431846 -0.129206180729175 0.01864520141851162
0.2845674620636348 0.832722754081469 0.6854821445726699 -0.1223156572958043 0.01854610882963466
0.289837229879628 0.835298713586819 0.7019860290977807 -0.1141430498707767 0.01850181900477426
0.2951069976956212 0.8370135872784019 0.7178209307119396 -0.1049347240630091 0.01850584343731028
0.3003767655116145 0.8377427353260091 0.7331428807922477 -0.09441358721721289 0.01844416156013622
0.3056465333276077 0.8375404713791017 0.7473770088843831 -0.08295425049998077 0.01835999694365958
0.310916301143601 0.8364044153076257 0.7609332644041773 -0.07051308015621011 0.01836262984165329
0.3161860689595942 0.8341198456885704 0.773545556630222 -0.05748130914668802 0.01838488636357112
0.3214558367755874 0.8305645588591629 0.7852305144605841 -0.04361728831963013 0.01831174141889255
0.3267256045915807 0.8259745646357275 0.7955549238021835 -0.02943410235018253 0.01823489437335494
0.3319953724075739 0.820230994446572 0.8049243741565063 -0.01477002994218443 0.0182761324080549
0.3372651402235671 0.8132404083471232 0.8131763121014454 -0.0001139270156240698 0.01833836325488853
0.3425349080395604 0.8048772546520265 0.8202658990299985 0.01472229118005399 0.01829494028494232
0.3478046758555536 0.795594210318459 0.8259691228384465 0.02921282720725937 0.01824243757159171
0.3530744436715468 0.7851689042896725 0.8306117256005845 0.04357519707124247 0.01830013968494459
0.3583442114875401 0.7736519469321944 0.8341279188752386 0.05727891243869093 0.01837517965199159
0.3636139793035333 0.7608933046266274 0.8364370293067218 0.07046528391922482 0.01836685564117838
0.3688837471195265 0.7474742632041304 0.8375653343241173 0.08275143722771504 0.01836645116052358
0.3741535149355198 0.7330753655052418 0.8377668001803202 0.09435560101219495 0.01844807989755328
0.379423282751513 0.7179374158705717 0.8370670048676951 0.1047736841461612 0.01850781457179302
0.3846930505675062 0.7019225936958606 0.8353370425204411 0.1140986858495975 0.0184997623960056
0.3899628183834995 0.6856110734473705 0.8327879644702099 0.1221698739691045 0.0185374784945263
0.3952325861994928 0.6685623750851987 0.8296219050254905 0.1291409180803718 0.01864539436358357
0.400502354015486 0.6511838909560036 0.825958367214062 0.134633942369759 0.01869233281217151
0.4057721218314792 0.6333715447691621 0.8216391279684944 0.1387407071676834 0.01867373706250422
0.4110418896474725 0.6156316288245787 0.8169580948906522 0.1415185083268121 0.01871735730200354
0.4163116574634657 0.5974631876635621 0.8120699912276093 0.1429650415735766 0.01881586102880022
0.4215814252794589 0.5793719248158562 0.8071390640923765 0.1428848961317957 0.01884725731356044
0.4268511930954522 0.5612056967571218 0.8020079473882678 0.1414103861760903 0.01884068925267648
0.4321209609114454 0.5433434923844339 0.7969885188185845 0.1387726490016903 0.01888742864301688
0.4373907287274386 0.5253622397201428 0.7922032047140466 0.1348001979315217 0.01894243179575358
0.4426604965434319 0.5078254544623085 0.7877709977908546 0.129497819105534 0.01894193346831231
0.4479302643594251 0.4904459780123553 0.7835662176726291 0.1229912483345201 0.01895991482482592
0.4532000321754183 0.4734587636367139 0.7799025373433309 0.1155943861994569 0.01901973547418703
0.4584697999914116 0.4565947466278887 0.776877279057345 0.1070500062202253 0.01903455049531595
0.4637395678074048 0.4404022806121013 0.7744744519250296 0.09757084513907006 0.01900712697640715
0.469009335623398 0.4244736749234096 0.772645972395294 0.08720375119001747 0.01903741382472683
0.4742791034393913 0.4089932495369493 0.7717060112821873 0.07626899410432753 0.01909374421569108
0.4795488712553845 0.3938142910799381 0.7717155331751389 0.06450465790895918 0.01908947904321373
0.4848186390713777 0.3793309009761765 0.7724934620018326 0.05227909832745277 0.01906868695220064
0.490088406887371 0.3650966913978723 0.7741113807391304 0.03955054125723795 0.01909516712176674
0.4953581747033642 0.3513865382009424 0.7768212443931498 0.02664873204960219 0.01911232773102162
0.5006279425193575 0.3380978732154675 0.7806374096514931 0.01332956247634817 0.01909782361179407
0.5058977103353507 0.3253791944954095 0.7852873505825069 1.143013969060855e-05 0.01910951524309647
0.5111674781513439 0.312824984382602 0.7909750608080204 -0.01338553828326398 0.01912660267960248
0.5164372459673372 0.3008392840275185 0.7977596124431704 -0.02651140113383615 0.01909378317491838
0.5217070137833304 0.2892852931312672 0.8056250510492314 -0.03961083523460263 0.01907018848550118
0.5269767815993236 0.278127980937633 0.8143102133591068 -0.05227266681893267 0.01910275176601405
0.5322465494153169 0.2670638365556038 0.8241220281805021 -0.06454881952967102 0.01910585333739075
0.5375163172313101 0.2565261888741858 0.8348521403414518 -0.07613629442909783 0.01905251861946741
0.5427860850473033 0.246281518013119 0.8465117827374289 -0.08729296512969671 0.01903231671970529
0.5480558528632966 0.2362680540764321 0.8588534577240375 -0.09760380467158095 0.0190509917346638
0.5533256206792898 0.2263248176685719 0.8722124041247739 -0.1070580953139958 0.01902478586762084
0.558595388495283 0.2167942846345437 0.8861778741107905 -0.1154893529322087 0.01898392646888569
0.5638651563112763 0.2073173581945844 0.900858890174468 -0.1231256218144975 0.0189850562416574
0.5691349241272695 0.1979203055737823 0.915931050165094 -0.129566825530372 0.01896957847407772
0.5744046919432627 0.1885780883203546 0.9316805170885265 -0.134771141677541 0.01890150399333
0.579674459759256 0.1795106188533616 0.9476159898254792 -0.138739265578129 0.01887463851359411
0.5849442275752492 0.1702647493305952 0.9639523204135728 -0.1415720079512423 0.01889333127343946
0.5902139953912424 0.1609793402224261 0.9802323415565036 -0.1429688381672148 0.01884958155034958
0.5954837632072357 0.1516911065404748 0.9966878685187499 -0.1429207453169976 0.01875554171136042
0.6007535310232289 0.1425375192577561 1.0128339247871 -0.1415930690236772 0.01872990931832082
0.6060232988392222 0.1330602246287511 1.028896715568258 -0.1389007729098395 0.01873591346800953
0.6112930666552154 0.1235060532179361 1.044320990538927 -0.1347296798983704 0.01867044418304865
0.6165628344712086 0.1138697732800708 1.059343345461596 -0.1291014080373788 0.01858737280823629
0.6218326022872019 0.1042353446704065 1.073554609484241 -0.1223402107752434 0.01857506506090559
0.6271023701031951 0.09421686934162046 1.087085722644068 -0.1142321067021665 0.01855217299802153
0.6323721379191883 0.08418737046404057 1.099380384386267 -0.1049065902224809 0.01845895579029035
0.6376419057351816 0.07405462582522707 1.110695109756245 -0.09434044522735519 0.01840276287750714
0.6429116735511748 0.06384553562269409 1.120752549560302 -0.08297102826898604 0.01843090682698493
0.648181441367168 0.0532422750478622 1.129565450957744 -0.07055181569142933 0.01840865454273431
0.6534512091831614 0.04273916816756886 1.136728194754473 -0.05746226654006384 0.01830136844267823
0.6587209769991546 0.03219373997305488 1.142473093272902 -0.04359563087137049 0.01826091628568553
0.6639907448151477 0.02160354954984008 1.146663492981924 -0.02944216179617686 0.0183243470498166
0.6692605126311411 0.01067657354942935 1.149196752608855 -0.01477064667152229 0.01833469867909035
0.6745302804471343 -5.347642773240881e-05 1.149954406492696 -0.0001055628012649918 0.01825738502958416
0.6798000482631275 -0.01075720618622087 1.149123208563491 0.01473409618836492 0.01824200250969037
0.6850698160791208 -0.02141191439747924 1.146725867892567 0.02923870499126915 0.01831552952232946
0.690339583895114 -0.03226233895139698 1.142543037432872 0.04357586343341412 0.01834163133097321
0.6956093517111072 -0.04281316465650288 1.136751962856488 0.05724013743007417 0.0183102552656097
0.7008791195271005 -0.05330818020143406 1.129462695624656 0.07048033093866478 0.01834728040338721
0.7061488873430937 -0.06371031575835924 1.120887495917225 0.08283043912471266 0.01843433262068514
0.7114186551590869 -0.07416787897576581 1.11075336249157 0.09435696193132508 0.01844981954108518
0.7166884229750802 -0.08422194267618924 1.099467387678066 0.1046997843971572 0.01843428790969519
0.7219581907910734 -0.09420990128062569 1.087003582199911 0.1141215714819467 0.01851207975675479
0.7272279586070666 -0.104127886191184 1.073715784689725 0.1222579287357728 0.01861773386135073
0.7324977264230599 -0.1140430272410281 1.05934717288177 0.12910798669338 0.01862824859526028
0.7377674942390531 -0.1235390176094112 1.044446606885501 0.1345648382310797 0.01861489691045626
0.7430372620550463 -0.1330063743157024 1.028856187532283 0.1388161979691664 0.01869383035824626
0.7483070298710396 -0.1424384119614412 1.013009413750571 0.1415907628338634 0.01878347091640522
0.7535767976870328 -0.1518661353130765 0.9966699348931062 0.1428649891386808 0.0187943748514462
0.7588465655030261 -0.1609916079856393 0.9803779316084165 0.1428243910017321 0.01880385283289787
0.7641163333190193 -0.1702270007866857 0.9639075441870018 0.1415312510326683 0.01886942530916823
0.7693861011350125 -0.1794627524948457 0.9477550563348306 0.1388238562166052 0.01890652320770369
0.7746558689510058 -0.1887124616619171 0.9316834119889567 0.1346758980272107 0.01890567484909371
0.779925636766999 -0.1978548087120489 0.9161016542123168 0.1294596922645842 0.01894743097411224
0.7851954045829922 -0.207314058715283 0.9007964703145737 0.1230953370598789 0.01900603929251342
0.7904651723989855 -0.2168288772181816 0.8862633204565776 0.1155994327008155 0.01899791620308028
0.7957349402149787 -0.2264243714121506 0.8722330877401139 0.1069542313983764 0.01898583195031106
0.8010047080309719 -0.2361166860400365 0.8589968650509737 0.09757615253497195 0.01903864043406388
0.8062744758469652 -0.2462994128722472 0.8464423952295098 0.08726411023429967 0.01908146135977217
0.8115442436629584 -0.2566020072753433 0.8349380939658333 0.07622682737688923 0.01906154211319496
0.8168140114789516 -0.2671385865927594 0.8241582115765973 0.06443825163552461 0.01906108413930732
0.8220837792949449 -0.2779546090097286 0.8143526128866112 0.05230799358129843 0.01909804160773507
0.8273535471109381 -0.2893322575740148 0.8055415307987455 0.03958544080106734 0.019102214519476
0.8326233149269313 -0.3008715651564418 0.7978781256166483 0.02659498313347682 0.01908939023164832
0.8378930827429246 -0.3128563287375095 0.7910284206153094 0.01327265415977446 0.01911480823234095
0.8431628505589178 -0.3252543810113795 0.7852290140727727 3.748413169790248e-05 0.0191263252795619
0.848432618374911 -0.3382005376315899 0.7805519251926489 -0.01335632120422081 0.01909060483042376
0.8537023861909043 -0.3513262449995082 0.7769340946220863 -0.02656602532643234 0.01908411915585594
0.8589721540068975 -0.3650735663712157 0.774148119745581 -0.03966713117082633 0.01911649484140329
0.8642419218228907 -0.3792611584206906 0.7723898582790305 -0.05223187411640727 0.0191044994024732
0.869511689638884 -0.393960361732157 0.7716723561948894 -0.064516234890755 0.01906111872927548
0.8747814574548772 -0.4088636131783054 0.7717692030893087 -0.07621699772502495 0.01906176605394391
0.8800512252708704 -0.4244478668449515 0.7726254418975598 -0.08734716537056726 0.01906622376690878
0.8853209930868637 -0.4403450771002658 0.7743573871398864 -0.09752425331143127 0.01902816950355784
0.8905907609028569 -0.4567124908957261 0.7768966612041324 -0.1070268858249561 0.01900796474616609
0.8958605287188501 -0.4733031605592403 0.7799176325843743 -0.1155953033435392 0.01902178689492439
0.9011302965348434 -0.4904987278557071 0.7834947425589143 -0.1231533719046476 0.01898404001195965
0.9064000643508366 -0.5077577951812796 0.7876415734048469 -0.1294658619527178 0.01891793733650904
0.9116698321668298 -0.5253973373301362 0.792258467001733 -0.1347738195355539 0.01891680377327511
0.9169395999828232 -0.5431743383731326 0.7969771262244986 -0.1388373938862731 0.01893355110760439
0.9222093677988163 -0.5613447626840421 0.8019174860600885 -0.1415325240606264 0.0188678299174204
0.9274791356148095 -0.5792962930244867 0.8070021229757097 -0.1428712274217289 0.01879228721294715
0.9327489034308029 -0.5974577683285607 0.8121309393399775 -0.1429813521803564 0.01878800437906451
0.9380186712467961 -0.6154756344037559 0.8169393534216726 -0.1416694983789591 0.01877530939242884
0.9432884390627894 -0.6335226428523609 0.8215449395960946 -0.1387995872985052 0.01869549195109127
0.9485582068787826 -0.6510709700956695 0.8258296384933972 -0.1346373683087664 0.01864411937223423
0.9538279746947758 -0.6685839744838297 0.8296733900822123 -0.1291770903865541 0.01863935272102058
0.9590977425107691 -0.685538624318508 0.8327732987140862 -0.1223888480113641 0.01858080367873635
0.9643675103267623 -0.7020508621226774 0.8352403692058341 -0.1141335194988876 0.01848341143873039
0.9696372781427555 -0.7177558787870814 0.8369803066785715 -0.1048390412811003 0.0184675323134373
0.9749070459587488 -0.7331028112194717 0.837804979070098 -0.09437553288345284 0.01848801853252481
0.980176813774742 -0.7475002024377554 0.8375439713741618 -0.08296918284554675 0.01841622558640626
0.9854465815907352 -0.7610284767226076 0.8363149432576523 -0.07048478866531904 0.01831101763053152
0.9907163494067285 -0.7734658275329511 0.8341193126430047 -0.05743333254457209 0.01831338781923629
0.9959861172227217 -0.7851764064441399 0.8306648838567967 -0.0435970828448874 0.0183600121547855
1.001255885038715 -0.7956520950797048 0.825952289239876 -0.02941234569905035 0.01831588710296592
1.006525652854708 -0.8049900639666399 0.8200860506596412 -0.01472540879381528 0.01824431204316931
1.011795420670701 -0.8131236940750283 0.8132207932152306 -7.139492284797313e-05 0.01826776920193681
1.017065188486695 -0.820269610803158 0.8049872707117176 0.01476501353443343 0.01831849252170285
1.022334956302688 -0.8260560362166525 0.795583382010665 0.02924649003014794 0.01829408591408509
1.027604724118681 -0.8306037458015428 0.7850384000552293 0.04357752419764599 0.0182767127222557
1.032874491934674 -0.8340454014500186 0.7736205112339699 0.05729743798899289 0.01834821238272784
1.038144259750668 -0.8364777339523199 0.7609344241805448 0.07054915463723095 0.01840677341220274
1.043414027566661 -0.8376774848215258 0.7474149336032352 0.08281454128766 0.0183792297235029
1.048683795382654 -0.8377410110685244 0.7329972821990264 0.09433136147037492 0.01838871526551559
1.053953563198647 -0.8369584958340316 0.717969566048403 0.1047703632679384 0.01849780609028158
1.059223331014641 -0.8353595115731863 0.7019219136037118 0.1141755281866337 0.01857343516433772
1.064493098830634 -0.8328879479881887 0.6854780023159017 0.1222036809628993 0.01855307316612499
1.069762866646627 -0.8296046498471423 0.6684875371552534 0.1291075017793001 0.01857151731516755
1.07503263446262 -0.8258676273002148 0.6512422462373707 0.134674001321272 0.01867257912022889
1.080302402278613 -0.8216514012737095 0.633364194296518 0.1388223694907744 0.0187353608349065
1.085572170094607 -0.8170256077836406 0.6155154016475057 0.1414810726479276 0.01873356986910047
1.0908419379106 -0.8120437620608412 0.5974109835089825 0.1428932522885949 0.01877475760608734
1.096111705726593 -0.8070731417053472 0.5793722918423553 0.1429569900078407 0.01884649352436135
1.101381473542586 -0.8020347211796733 0.5611397811636341 0.1415015791714863 0.01886311320298055
1.10665124135858 -0.7970322436786491 0.5432905738119005 0.1387091283545457 0.01886714044425484
1.111921009174573 -0.7921496997874566 0.5253855459175193 0.1347230848416444 0.01893255532129108
1.117190776990566 -0.7877272703651923 0.5077785877339444 0.1295533282193802 0.01898237343985069
1.122460544806559 -0.783633338895905 0.4903195373857301 0.1230344445948885 0.01896484913905278
1.127730312622553 -0.7799329798301627 0.4734351491600849 0.1155326496545478 0.01896822955116115
1.133000080438546 -0.7767815833958149 0.4566426417963506 0.1070218130026756 0.01902962923208516
1.138269848254539 -0.77444632938429 0.4403448245240421 0.09761166455021936 0.01905626036538768
1.143539616070532 -0.7727590881472006 0.4243819398235176 0.08718295737803869 0.01904204556988396
1.148809383886525 -0.7717347882220462 0.4089889044816564 0.07619955980004758 0.01905984359795783
1.154079151702519 -0.7716051323451406 0.393789342015276 0.06450782288461838 0.01908961252373164
1.159348919518512 -0.7724828448357559 0.3792500460243341 0.05231508133895969 0.01907963278252211
1.164618687334505 -0.7742214791290112 0.3651048796907704 0.03951126536208843 0.01908480789063073
1.169888455150498 -0.7768338226962674 0.3514227893165892 0.02657916983599867 0.01912409189235639
1.175158222966492 -0.780578380170647 0.3379906810834181 0.01332967031915616 0.0191205086426956
1.180427990782485 -0.7853267242994114 0.3252710302133777 3.895935696454555e-05 0.01908062078454295
1.185697758598478 -0.7910300262943392 0.312892687154794 -0.01342395412287803 0.01909294031259297
1.190967526414471 -0.7977235227746132 0.3008895391188412 -0.02657728897779742 0.01912810026180632
1.196237294230465 -0.8056378194858365 0.2891679264146768 -0.03960073994259383 0.01910563167376476
1.201507062046458 -0.814413326815343 0.2780491372670343 -0.05223408776061682 0.01907192370371769
1.206776829862451 -0.82413873581914 0.2671162220847522 -0.06460257480303312 0.01907898894769896
1.212046597678444 -0.8347887398980159 0.2565163316052195 -0.07621750974340094 0.01907300289176336
1.217316365494438 -0.8465519102397125 0.2462035374561014 -0.0872577363688192 0.01903900414680454
1.222586133310431 -0.8589634916332259 0.2362821393418007 -0.09753948504114963 0.01903997510595559
1.227855901126424 -0.8722347090383682 0.2263435904697536 -0.1071193127004699 0.01904294237573276
1.233125668942417 -0.8861560768826924 0.2166905918216235 -0.1155657946797485 0.01898828673696424
1.23839543675841 -0.9008967902225017 0.207265460853634 -0.1230759025434505 0.01894206579660238
1.243665204574404 -0.9159903331478348 0.1980164308870359 -0.1295204715853785 0.01896418518436663
1.248934972390397 -0.9317088574861568 0.1885880319241974 -0.1348285390641053 0.01895807945959869
1.25420474020639 -0.9476444330978249 0.1793652678097688 -0.1387505409122251 0.01888160297314547
1.259474508022383 -0.9639912050237389 0.1702203205092313 -0.1414977096159292 0.0188347409515969
1.264744275838377 -0.9802717476150604 0.1610765438387236 -0.1429792884828266 0.0188423488239641
1.27001404365437 -0.996723388643897 0.15168465979199 -0.1429935301288075 0.01880209714828078
1.275283811470363 -1.012850175488419 0.142428878419327 -0.1415414363663696 0.01872724385847244
1.280553579286356 -1.028909088491792 0.1330566665438405 -0.1387899904366315 0.01870557159762546
1.28582334710235 -1.044384725279422 0.1235500764745166 -0.1347506365375212 0.01869208862908718
1.291093114918343 -1.059414443644769 0.113795978255441 -0.1291699648992401 0.01860290518295395
1.296362882734336 -1.073542789937774 0.1041706142942386 -0.1222884688913959 0.01852582152824698
1.301632650550329 -1.087055104540056 0.09429662323625815 -0.1141397021068344 0.0185379856989424
1.306902418366323 -1.099442318968742 0.08421610624397687 -0.104899896090154 0.01853082795877811
1.312172186182316 -1.110766521432869 0.07390812414889955 -0.09434592872468441 0.01842429429334389
1.317441953998309 -1.120731177932539 0.06376649638145351 -0.08292096046533003 0.0183462161330069
1.322711721814302 -1.129553800612024 0.05336082177591921 -0.07051088264742637 0.01837281517036756
1.327981489630295 -1.136796893209334 0.04279417657377401 -0.05745702288962259 0.01838106114539819
1.333251257446289 -1.142485950716206 0.03205534212738701 -0.04356412400657467 0.01830322072345913
1.338521025262282 -1.146589517640819 0.02151701078234114 -0.02938496901402989 0.01826059801694974
1.343790793078275 -1.149211371280137 0.01075360435350181 -0.01472707022004086 0.01829986398426698
1.349060560894269 -1.150063430242417 -3.149629223159297e-05 -7.643497256275342e-05 0.01830526054522804
1.354330328710262 -1.149119485912422 -0.01085335217740362 0.01475433058804902 0.01825567763372873
1.359600096526255 -1.14661332808475 -0.02142790167995954 0.02924894222073921 0.01827245989850206
1.364869864342248 -1.142530958117817 -0.03219784990940358 0.04362077099921384 0.01835230592246407
1.370139632158242 -1.136833918688823 -0.04287053418176779 0.05731549876396069 0.01836118409917619
1.375409399974235 -1.129455919008236 -0.05342645372217355 0.07050629699178627 0.01831847317331754
1.380679167790228 -1.120814344012335 -0.06366560016391626 0.08281003515536617 0.01836668042751286
1.385948935606221 -1.11075301002356 -0.07405883771214221 0.09439328704622686 0.01848077768215993
1.391218703422214 -1.099492124275244 -0.08429669308444865 0.104764155254886 0.01851181408154924
1.396488471238208 -1.086953030386381 -0.09435366106953692 0.1141127163426731 0.01848826998554411
1.401758239054201 -1.073665381301306 -0.1040920202581207 0.1222456113064167 0.01854234515503093
1.407028006870194 -1.05936828791525 -0.1139439671355462 0.1291950512268925 0.01864163637855828
1.412297774686187 -1.044458948160456 -0.1235944646890271 0.1346164068655701 0.01867205838117455
1.417567542502181 -1.028807830690669 -0.1330927850727009 0.1387335050499999 0.01868355648299144
1.422837310318174 -1.012961325168118 -0.1424012854070069 0.1415609029315292 0.01875295338443889
1.428107078134167 -0.9966534727175183 -0.151851636029872 0.1429870461447638 0.01881143233214404
1.43337684595016 -0.9803734561303427 -0.1610724139053399 0.1428783293229704 0.01880683414330529
1.438646613766154 -0.9639037352691543 -0.1702216068438184 0.1414359572662052 0.01883700772119446
1.443916381582147 -0.9477301731947733 -0.1793774799929544 0.1387962241199012 0.01892147830740181
1.44918614939814 -0.9316403211109727 -0.1887702271824108 0.1347617884183046 0.0189514841319338
1.454455917214133 -0.9160894766860074 -0.1979800288901603 0.1294700719429518 0.01892332515788297
1.459725685030127 -0.9007996433070178 -0.20726225184609 0.1230369117742428 0.01895258648688909
1.46499545284612 -0.8862247827300871 -0.216719597732673 0.1156229079062913 0.01901984200613613
1.470265220662113 -0.8722108878304374 -0.2264978353870415 0.1069974855075778 0.01903236629868714
1.475534988478106 -0.8590362593653968 -0.2362254682752324 0.09752857796607364 0.0190215273634272
1.480804756294099 -0.8464264287631135 -0.2462488275097142 0.08722578135065454 0.01905244682177765
1.486074524110093 -0.834842750329898 -0.256551629255133 0.07628067242385145 0.01907342185906728
1.491344291926086 -0.8241589781135107 -0.2672049322589748 0.06446662322092823 0.0190643109736055
1.496614059742079 -0.8144464687548504 -0.2779732009059577 0.05225022475676144 0.01908624035794635
1.501883827558072 -0.8055170990537117 -0.289284151483336 0.0395530112699275 0.0191224225651481
1.507153595374066 -0.7977717857633732 -0.3009215784745117 0.02663848662578587 0.01910283747915387
1.512423363190059 -0.7910484358588216 -0.3129269518471005 0.0132936508554018 0.01907746857334737
1.517693131006052 -0.7853031166190705 -0.3251881564384045 -1.007053080801757e-05 0.01910929813659717
1.522962898822045 -0.7805072489134727 -0.3381488359839406 -0.01338259346350484 0.01913104383844146
1.528232666638039 -0.776887282970336 -0.3514241858597354 -0.02652117972692071 0.01909864463397108
1.533502434454032 -0.7742094777836842 -0.3651348348506645 -0.03964505961015443 0.01908297768257392
1.538772202270025 -0.7724016610727804 -0.3791911291582372 -0.05229099015979818 0.01909837304885095
1.544041970086018 -0.7715884026157364 -0.3939436165649619 -0.06454607907751066 0.01907887780772671
1.549311737902012 -0.7717815487992744 -0.408928629587444 -0.07615320291035688 0.01905079920228913
1.554581505718005 -0.7727265605387186 -0.4244468623626829 -0.08731981004366966 0.01906338867922018
1.559851273533998 -0.7743357875275892 -0.4403255774505033 -0.09759060222174451 0.01905823708386248
1.565121041349991 -0.7767970886059994 -0.4567741694882984 -0.107042279017124 0.01899870655989089
1.570390809165984 -0.779948062533101 -0.4733209727525893 -0.1155299142035359 0.01897393580911199
1.575660576981978 -0.7835940481980705 -0.4904251725929388 -0.1231604517598549 0.01899668865352029
1.580930344797971 -0.7876167566489339 -0.5077674257690302 -0.1295211917010828 0.01897235466599608
1.586200112613964 -0.7921816073820441 -0.5254958495898402 -0.1347254690276094 0.01890412155184867
1.591469880429957 -0.7970109575693931 -0.5431768208650778 -0.1387731120294493 0.01888493213835142
1.596739648245951 -0.8019871265035659 -0.5612856162693913 -0.1416050895874395 0.0188800118479405
1.602009416061944 -0.8069725879797056 -0.5793202107843015 -0.1429294881942663 0.01882142265973608
1.607279183877937 -0.8120853269271113 -0.5974911373694806 -0.14287983241723 0.01876906759779643
1.61254895169393 -0.8169844015545086 -0.6154448514805739 -0.1415929893738556 0.01877048518104265
1.617818719509924 -0.821584503683484 -0.6335510704727387 -0.1388820341546288 0.01872877802935576
1.623088487325917 -0.8257812336758028 -0.6511475080795643 -0.134690539277396 0.01862587923952049
1.62835825514191 -0.829653341993061 -0.6685377954479347 -0.1290984926276118 0.01858321156146345
1.633628022957903 -0.8328472527591136 -0.6854430183408152 -0.1223399129131569 0.01860830433989614
1.638897790773896 -0.835258395445697 -0.7021144038500906 -0.1141718230592173 0.018558433796772
1.64416755858989 -0.8368909361454937 -0.7178688271243576 -0.1048388107106007 0.01844206640045785
1.649437326405883 -0.8377901450413251 -0.733055388929206 -0.09432974369003125 0.01840296948949488
1.654707094221876 -0.8376589945244529 -0.7474114490975762 -0.08297389939321306 0.01843060769469668
1.659976862037869 -0.8363449619627944 -0.7610771235608825 -0.07051002794852142 0.01838909613578526
1.665246629853863 -0.8340044878970645 -0.7735213690488574 -0.05740544616944649 0.01830651176093657
1.670516397669856 -0.8306263476352111 -0.7851200852523842 -0.04355366105279054 0.01830086500409461
1.675786165485849 -0.8260588376786058 -0.7956366593875688 -0.02940650335524324 0.01832804004929233
1.681055933301842 -0.8201237207564939 -0.8050796306276297 -0.01473278257128104 0.01828267712303692
1.686325701117836 -0.8131408732905665 -0.8131255386811432 -7.475635978258095e-05 0.01823669132424627
1.691595468933829 -0.8049764767506222 -0.8201540954182265 0.01476985567545131 0.01828990770086899
1.696865236749822 -0.7956512518482552 -0.8260509461927975 0.02927639486723103 0.01834857257379937
1.702135004565815 -0.7850084819288179 -0.8307308897178042 0.04361136504282111 0.01830837252769653
1.707404772381809 -0.7735527133329152 -0.8340640737764602 0.05728486319463318 0.01827605425152209
1.712674540197802 -0.761001990216242 -0.836360528485863 0.0705346231179742 0.01836104031012784
1.717944308013795 -0.7475052808720666 -0.8376534461972841 0.0828477362277778 0.01845266126637595
1.723214075829788 -0.7329164367538392 -0.8378339822766726 0.09434634998884385 0.01844423174809774
1.728483843645781 -0.7178726939291681 -0.8369745377379256 0.1047324242348676 0.0184367025787275
1.733753611461775 -0.7019943369977798 -0.8352861767720755 0.114198225289856 0.0185205775469747
1.739023379277768 -0.685568128084949 -0.8328890430696524 0.1222876664070216 0.01859673015607841
1.744293147093761 -0.6684350771489292 -0.8296622967502246 0.129090945997995 0.01860683343967572
1.749562914909754 -0.6511954675434516 -0.8258479004680354 0.1345793486687596 0.01864290790398452
1.754832682725748 -0.6334020245632923 -0.821596043758494 0.1388555170530978 0.01872784641902468
1.760102450541741 -0.6155130957930933 -0.8170609676604936 0.1415972006008253 0.01875961229832081
1.765372218357734 -0.597372239250372 -0.8120965283608798 0.1428777705353264 0.01875524599468297
1.770641986173727 -0.579423709577889 -0.8070235841903556 0.142871345382611 0.01881571713206792
1.775911753989721 -0.5611842772654489 -0.8019755256155986 0.1415377438220506 0.01890013841611886
1.781181521805714 -0.543220326236645 -0.797093242462763 0.1387788518277831 0.01890376174011307
1.786451289621707 -0.5253405843484058 -0.7922118031849456 0.1346851710899227 0.01889041423261243
1.7917210574377 -0.5078517140820257 -0.787655850895276 0.1295278625297553 0.01894482928349753
1.796990825253694 -0.4903481653281204 -0.7835650064940392 0.1231057575019682 0.01900046830044972
1.802260593069687 -0.4733870611180417 -0.78000814639212 0.1155516454896772 0.0189959522608328
1.80753036088568 -0.4566505099874426 -0.7768459525783625 0.1069499444856821 0.01900574862414444
1.812800128701673 -0.4403743070127629 -0.7743713841209539 0.09761663159995865 0.01904787969370762
1.818069896517666 -0.4243307162845102 -0.7727084839050905 0.08726869558356765 0.01905459039369304
1.82333966433366 -0.4089843744945922 -0.7718026906531903 0.07620730373397322 0.01904391469572267
1.828609432149653 -0.3938818729896435 -0.7716248867170641 0.06444351605651517 0.01908294155276929
1.833879199965646 -0.3792499718702489 -0.7724193237301449 0.05232389991944125 0.01911599795381083
1.839148967781639 -0.364997356968825 -0.7742412340536247 0.03957492461965648 0.01908987655765144
1.844418735597633 -0.3514362895543572 -0.7768932236424548 0.02658440390568705 0.01907685970610741
1.849688503413626 -0.338093575102936 -0.7805166010084181 0.01328562032338608 0.01911386965996595
1.854958271229619 -0.3252563743136174 -0.785263588722468 5.315138039781772e-05 0.0191240031094977
1.860228039045613 -0.3128286496154142 -0.7911180126788031 -0.01336648983367834 0.01909853197544602
1.865497806861606 -0.3009276939110623 -0.7977843787138489 -0.02657606133902494 0.01910092373190828
1.870767574677599 -0.2891886303748523 -0.8055408218286109 -0.0396521166828595 0.01910627356861261
1.876037342493592 -0.2779958529468494 -0.814355100602025 -0.05221907109599784 0.01907525763110175
1.881307110309585 -0.2671492097363373 -0.8242192850334926 -0.064534985865565 0.01906550507141724
1.886576878125579 -0.2566042747864469 -0.8348247188960362 -0.07621951629062165 0.01909181203967049
1.891846645941572 -0.2461407380199678 -0.8464942752973195 -0.08730616767869673 0.01906717332957187
1.897116413757565 -0.2361847149205146 -0.8589468343431647 -0.09751012627384457 0.01900552344302966
1.902386181573558 -0.22643087996213 -0.8722634499218215 -0.1070733734602771 0.01900191526111658
1.907655949389552 -0.2168026729197205 -0.8861388903231121 -0.1156041303743566 0.01902625742035055
1.912925717205545 -0.2071868144333431 -0.9008773344547832 -0.1230892630199013 0.01898539874407478
1.918195485021538 -0.1979323442354003 -0.9160109480130039 -0.1294371323090584 0.01893114728302944
1.923465252837531 -0.1886656485628235 -0.9317206847793257 -0.134817790730493 0.01892522301859487
1.928735020653525 -0.1794235561264722 -0.947618696922358 -0.1388502884918034 0.01890620905520753
1.934004788469518 -0.1701620013116572 -0.9639698665638459 -0.1414936141188373 0.01884421378829534
1.939274556285511 -0.1610798644270358 -0.980264318265284 -0.1428577120257538 0.01882172505887638
1.944544324101504 -0.1517535136167989 -0.9967393564035589 -0.142987068863747 0.01882147149468272
1.949814091917498 -0.1423891063889107 -1.012870938290864 -0.1416436013037906 0.01875170669292962
1.955083859733491 -0.1329875284703395 -1.028889962811719 -0.1387885531641319 0.01865935934015871
1.960353627549484 -0.123639822898011 -1.044336636147854 -0.1346722964421466 0.0186540695558281
1.965623395365477 -0.1138972868805593 -1.059423799529354 -0.1291797086947967 0.01866221695595435
1.97089316318147 -0.1040849190441409 -1.073575827665964 -0.1223331954454332 0.01857694263023559
1.976162930997464 -0.09419740666439017 -1.087027670674544 -0.1141077688033526 0.01847952788819936
1.981432698813457 -0.08431108318352136 -1.099409909178726 -0.1048750322774649 0.01847355148834057
1.98670246662945 -0.07401763324144467 -1.110815294245826 -0.09439637861141938 0.01847090652243343
1.991972234445443 -0.06370804545072464 -1.120749249296905 -0.08294796184521423 0.01839405555275166
1.997242002261437 -0.05329721185989216 -1.129468838545867 -0.07046553081886132 0.01833702881018893
2.00251177007743 -0.04286491665036332 -1.136765911255098 -0.05743358335983352 0.01835514492492283
2.007781537893423 -0.03209347272450302 -1.14258998845679 -0.04359442637572873 0.01833902202715127
2.013051305709416 -0.02145451300223682 -1.146634308209743 -0.02941219311028195 0.01825990421725802
2.01832107352541 -0.01077380981956067 -1.149115166219733 -0.0147322853728194 0.01824779448868966
2.023590841341403 -8.61379727889882e-05 -1.150019614796779 -7.655004591383905e-05 0.01832046204462038
2.028860609157396 0.01086987628718795 -1.14920031477256 0.01476549650634316 0.01832841436412002
2.034130376973389 0.02155174754835814 -1.146646748966912 0.0292488113468857 0.01825565527377643
2.039400144789382 0.03216354728432543 -1.142482230847605 0.04359357130299137 0.01826134955501585
2.044669912605376 0.04270398763307743 -1.136850260139608 0.05730462847036682 0.01836342176866182
2.049939680421369 0.05341750543156026 -1.129519492631819 0.07051998268260706 0.01840847843695506
2.055209448237362 0.06378903959930006 -1.12079360600742 0.08278432548769694 0.01837704433198986
2.060479216053356 0.07404954785164494 -1.110707132482242 0.09435691485214087 0.01840630374258097
2.065748983869349 0.08417615399744689 -1.099548992958436 0.1048066952856681 0.01849794395332865
2.071018751685342 0.09434767831005994 -1.087032533111373 0.1141625182764072 0.01853706033479197
2.076288519501335 0.1041440390718715 -1.073655738120441 0.1221795990732345 0.01854265608016566
2.081558287317328 0.1138880181076733 -1.059336484752819 0.1291215676968569 0.01861374629835027
2.086828055133322 0.1235387852462496 -1.044492063500439 0.1346814817735059 0.01869421837205768
2.092097822949315 0.1331612870994067 -1.028855291045962 0.1388091484744731 0.01869880285110451
2.097367590765308 0.1424139351076787 -1.012983073976717 0.1415075568414742 0.01870556324430781
2.102637358581301 0.1517172465705176 -0.9966699645305569 0.142940622997696 0.01879484970133899
2.107907126397294 0.1610264298510158 -0.9803981974973308 0.1429387411779229 0.01886647995892449
2.113176894213288 0.1703378780495233 -0.9639293002417606 0.1414578158576071 0.01885661891067598
2.118446662029281 0.1793904143093945 -0.9477585304577 0.1387478236999619 0.01886171131997079
2.123716429845274 0.1886286565251875 -0.9316471827998838 0.1347977588876946 0.01892913692749905
2.128986197661268 0.1979390131033011 -0.916103218041858 0.129555560183603 0.01896714667376111
2.134255965477261 0.2073382372303766 -0.9008654607731368 0.123004453703816 0.01896694636169266
2.139525733293254 0.216700201967955 -0.8862773043348608 0.1155612589172493 0.01899701250410962
2.144795501109247 0.2264239306034021 -0.872167858345944 0.1070709303517335 0.01903315407636306
2.15006526892524 0.2362401773006862 -0.8590163330802124 0.09762609664682814 0.01902181470072673
2.155335036741234 0.2462434320380219 -0.8465223709460845 0.08719786321307772 0.01902975387935252
2.160604804557227 0.2564530919672908 -0.8349083670918035 0.07624063679308266 0.01908584339771236
2.16587457237322 0.2671958510352049 -0.8241078927704681 0.06453199978315401 0.01910311478219629
2.171144340189213 0.2780553497016257 -0.8144388831725472 0.05232270257946622 0.01906719465034057
2.176414108005206 0.2892295476120865 -0.8055905859261545 0.03954347075031368 0.0190747436873565
2.1816838758212 0.3007749065041137 -0.7977771270208353 0.02663256547017913 0.01911816307600821
2.186953643637193 0.3129330148719104 -0.7910197047088903 0.01335654588005954 0.01911745251697924
2.192223411453186 0.3252626385472339 -0.785369028232723 4.886818220455962e-05 0.01909788065436855
2.19749317926918 0.3380852435682044 -0.7805515325702902 -0.01339178961534643 0.01910897278356206
2.202762947085173 0.3513256400772543 -0.776806239925133 -0.02652472969214932 0.01910600575551865
2.208032714901166 0.3651365698671078 -0.7741868731078199 -0.0395791351117569 0.01907830940597072
2.213302482717159 0.3791703930515083 -0.7725163548957378 -0.05223022551351048 0.01908807333997397
2.218572250533152 0.3938648832184929 -0.7716193393226461 -0.06456045903531417 0.01910616731030207
2.223842018349146 0.4089229819843743 -0.771676238124501 -0.07615080797280117 0.01906522780108279
2.229111786165139 0.4244602986073422 -0.7727076976795502 -0.08724947979514883 0.01902004929668026
2.234381553981132 0.4402203277940442 -0.7744284028615971 -0.097563130362452 0.01903753385329082
2.239651321797126 0.4566733749959396 -0.7768012490317058 -0.1070812174443507 0.01904284652063002
2.244921089613119 0.4733443024678632 -0.77987284509313 -0.1154907383971165 0.01899259956453831
2.250190857429112 0.490428279978392 -0.7836027251132822 -0.1230659599379354 0.01896098033955384
2.255460625245105 0.5076667342612476 -0.7876674711777236 -0.1295464056100474 0.01896396900263251
2.260730393061098 0.5254305251767717 -0.7921442895668667 -0.1348087616654175 0.01892417573923137
2.266000160877092 0.543156420959048 -0.7969606104516651 -0.138718435948419 0.01887101422717419
2.271269928693085 0.5612078918632564 -0.8020314769603796 -0.141502689824125 0.01887114115662137
2.276539696509078 0.5792559866623321 -0.8070072427587917 -0.1429714724196532 0.01886100927995877
2.281809464325071 0.5975148307779076 -0.8120156123404668 -0.1429608968557139 0.01877278117067137
2.287079232141064 0.6154006247641046 -0.816937638798801 -0.1415598698611824 0.01870638132517023
2.292348999957058 0.6333958523295486 -0.8216598088119792 -0.138845257488252 0.01871910977295057
2.297618767773051 0.6510815048153814 -0.8258266001011297 -0.1347461529848926 0.01870095676517899
2.302888535589044 0.6685888073652333 -0.8295648767468496 -0.1291235588512069 0.01860086496209928
2.308158303405038 0.6854028709734202 -0.8327901458637313 -0.1223053523115743 0.01853709096945559
2.313428071221031 0.7019909251568698 -0.8353543442146762 -0.1142072064935043 0.01853799167123677
2.318697839037024 0.7178321566948301 -0.8369639135915879 -0.1049328534181926 0.01849732665601195
2.323967606853017 0.7330515226567149 -0.8377151061818046 -0.09434533281805743 0.01841341246272829
2.32923737466901 0.7473143638388959 -0.8376041462879235 -0.08294151306030176 0.01839270249833199
2.334507142485004 0.761013304550993 -0.8364298782537523 -0.07054430230041576 0.01840183806716275
2.339776910300997 0.7735796229561617 -0.8340691297947693 -0.05748466913715335 0.01833682351985337
2.34504667811699 0.7851130002322841 -0.830587050431274 -0.04359939050815805 0.01825982363748533
2.350316445932983 0.7954796144106824 -0.8260705098705808 -0.02943402921997995 0.01828810887649849
2.355586213748976 0.8050015629552083 -0.8202213553126522 -0.01476724072213608 0.01834202922662068
2.36085598156497 0.8132160204820132 -0.8131510863576075 -0.0001079781699533869 0.01829430159067298
2.366125749380963 0.8201877205856635 -0.8049167634494946 0.01472825639492882 0.01822784172107188
2.371395517196957 0.8259350788844594 -0.7957270517451039 0.02922381091576099 0.01827387832799263
2.37666528501295 0.8306665285764643 -0.7851736670941535 0.04357977705881502 0.01835643560830815
2.381935052828943 0.8341197741571492 -0.7735673095088836 0.05725144658956509 0.01835188817692182
2.387204820644936 0.8363687336139753 -0.7609203791864199 0.07046486265755073 0.01833167751090754
2.392474588460929 0.8375854062821698 -0.7475679118272196 0.08280891932219332 0.01839369911991756
2.397744356276923 0.8378412541660709 -0.7330728528328133 0.09438213029130156 0.01846384488908019
2.403014124092916 0.837037290750131 -0.7179172784051239 0.1047207241936398 0.01846776702592134
2.408283891908909 0.8352546319673044 -0.7019914835941149 0.1140851503648409 0.01849654130498662
2.413553659724902 0.8328155241780281 -0.6856508495606046 0.12223645618013 0.01859274120028953
2.418823427540895 0.8297084801242575 -0.6685043267467057 0.1291611683938248 0.01864701725255869
2.424093195356889 0.8259393100273348 -0.6511930076163578 0.1345933357055896 0.01862962225616696
2.429362963172882 0.8215635509026873 -0.6334786110425137 0.1387711722046473 0.01866930691213793
2.434632730988875 0.8169800291052394 -0.6156613391013894 0.1415833774473396 0.01877626233234942
2.439902498804869 0.8121461726268457 -0.5974071449282392 0.1429282568746338 0.01882252542570111
2.445172266620862 0.8071248095649306 -0.5793893872986944 0.142840903250141 0.01880377707022351
2.450442034436855 0.8019511867492376 -0.5612652270314527 0.1414968528130739 0.01883900180802272
2.455711802252848 0.7970170012392545 -0.5433453161326884 0.1388512190988543 0.0189107575784368
2.460981570068841 0.7922577722614109 -0.5253769086506337 0.1347364129391287 0.01893293735315436
2.466251337884835 0.7877438571414723 -0.5078855854948253 0.1294542696973544 0.01893894733010041
2.471521105700828 0.7835389733677358 -0.4904317533459485 0.1230787469385072 0.01898524400192452
2.476790873516821 0.7799587129056883 -0.4734104551473748 0.1156554564297323 0.01901015064223124
2.482060641332814 0.7768985245215851 -0.4566574299827724 0.1070061226031497 0.0189975961435981
2.487330409148808 0.7744111313061337 -0.4404880248915483 0.0975639546868671 0.01902346045063643
2.492600176964801 0.7726539411199919 -0.424434795880605 0.08726676118460804 0.01907965906308796
2.497869944780794 0.7718045003749763 -0.4089516606749559 0.07628777452768089 0.01907888340168163
2.503139712596787 0.7717101020611538 -0.3938742459354827 0.0644784127201997 0.01905486051050524
2.508409480412781 0.7724009985022472 -0.3793647038355712 0.05230383303960723 0.01908156009112246
2.513679248228774 0.7741416859168029 -0.365066316862071 0.03960273406611593 0.01911463447369441
2.518949016044767 0.7769280745467845 -0.3514213278315391 0.02665067321907368 0.01910263814309144
2.52421878386076 0.7806214039627106 -0.3381457326146554 0.01330653011516834 0.0191004656798457
2.529488551676753 0.7852228659130452 -0.3253270729631269 3.772288857385379e-05 0.01912083571063913
2.534758319492747 0.7910229522417265 -0.312800005125486 -0.01333629071682056 0.01910584115693031
2.54002808730874 0.7978174385677612 -0.3009384700066551 -0.02651066851469765 0.01908141079288949
2.545297855124733 0.8055956395450034 -0.2893244959291887 -0.03963477352500893 0.01910427735810138
2.550567622940727 0.8143134683995766 -0.278041623254447 -0.05223711746389094 0.01911772975439404
2.55583739075672 0.8241956112660064 -0.2670543154608957 -0.06449408834433122 0.0190713364144406
2.561107158572713 0.8348606429248836 -0.2566189579866691 -0.07615661972735986 0.01904222360642754
2.566376926388706 0.8464722628868917 -0.2462859572370571 -0.08732773553927368 0.01906111382878999
2.571646694204699 0.8588933456222945 -0.2362138242990846 -0.09753905274663353 0.01905282733240724
2.576916462020693 0.8722916012565547 -0.226365595980209 -0.1069872265739754 0.01900997878701097
2.582186229836686 0.8861875616116278 -0.2168389308967912 -0.1155298393919935 0.0189997969499606
2.587455997652679 0.9008458298202153 -0.2072555940132045 -0.1231615296920066 0.01898976625776172
2.592725765468672 0.9159649692026355 -0.1979079556150521 -0.1294873390752872 0.0189368558136738
2.597995533284665 0.9317293772123674 -0.1886797671309288 -0.1347110898694639 0.01890609083172873
2.603265301100659 0.9476468746785351 -0.1795233471689723 -0.1387737405439136 0.01892447969899451
2.608535068916652 0.9639792621478339 -0.1701541510577561 -0.1415588805926204 0.01888893844947065
2.613804836732645 0.9802602025655656 -0.1609797153798025 -0.1428840986982015 0.01879556619790808
2.619074604548639 0.9967250755027834 -0.151804735997484 -0.1429110584994328 0.01876129099315994
2.624344372364632 1.012876901471735 -0.1425377525902697 -0.1416237985287502 0.01878106916474038
2.629614140180625 1.028914442349653 -0.1329660708908051 -0.1388214086059555 0.01873100006672792
2.634883907996618 1.044335556642532 -0.1235184719837567 -0.1346218764751803 0.01863708525637925
2.640153675812611 1.059414619952769 -0.1139305858284602 -0.1291105870806046 0.01860466036975601
2.645423443628605 1.073625210873269 -0.1041937486244828 -0.122366441600691 0.01859469566391607
2.650693211444598 1.087070278891521 -0.09417318777010364 -0.1141410382866005 0.01852126807424288
2.655962979260591 1.099361597037774 -0.08424940349736355 -0.1047967878180426 0.01845595649224018
2.661232747076584 1.110778180869733 -0.07406564296683331 -0.09430906236513675 0.0184605149300677
2.666502514892577 1.120834179456988 -0.06372904085704859 -0.08294440896421314 0.01843948434811084
2.671772282708571 1.129545700586072 -0.05320078681591133 -0.0704676248955468 0.01834109951212827
2.677042050524564 1.13671571378696 -0.04284059049586594 -0.05738109788560869 0.01829260480374393
2.682311818340557 1.142541714597118 -0.03220553864528852 -0.04353118203893658 0.01834458055716984
2.687581586156551 1.146689026841328 -0.02145336118561007 -0.02935746819212268 0.01836010193126388
2.692851353972544 1.149142654456271 -0.01059315494814274 -0.0146601325603027 0.01828103239199646
