128
0.04906097255094329
0 1.200018853290341 9.244644228177174e-06 -1.53387001864598e-06 0.04805752346272561
0.02514733057780855 1.198249297309621 0.04569531890602002 0.01478686864786686 0.04807300294383172
0.0502946611556171 1.192941768076625 0.09117233933702908 0.02943454208428605 0.04810584468243643
0.07544199173342565 1.184108087066453 0.1362357790272296 0.04380813057463351 0.04816481970602488
0.1005893223112342 1.171798190918151 0.1806884645649244 0.05776067574970902 0.04825854477345976
0.1257366528890428 1.156093375806233 0.2243672496969609 0.07113902806437357 0.04838969940210212
0.1508839834668513 1.13709964264445 0.2671066786862223 0.08379699151878152 0.04854927613604873
0.1760313140446599 1.114938527820431 0.3087424277356025 0.09562055220976434 0.04872448311635157
0.2011786446224684 1.089754956327276 0.3491015663568163 0.1065161064002856 0.04891140119433136
0.2263259752002769 1.061694812093764 0.3880388365693798 0.1163911795091966 0.04911557396406643
0.2514733057780855 1.030907210259153 0.4254214819498752 0.1251384702374468 0.04934237687594027
0.2766206363558941 0.9975438535394217 0.4611435611662434 0.1326569099357343 0.04959122110056274
0.3017679669337026 0.9617896682950154 0.495117583143651 0.1388674569939164 0.04985805817004852
0.3269152975115112 0.9238414393569558 0.5272936012221376 0.1437173899367896 0.05013752380312582
0.3520626280893197 0.8839009181370264 0.5576249394064433 0.147169811437564 0.05042200761861768
0.3772099586671283 0.8421482086747144 0.586063395459131 0.1492055305859487 0.05070489512742577
0.4023572892449368 0.7987666538641274 0.6125606208029648 0.1498180049382149 0.05098646713772853
0.4275046198227453 0.7539301158380972 0.6371073392649751 0.1489988803475998 0.05127219442725689
0.4526519504005539 0.7078175187613426 0.6597230103550122 0.1467356614659145 0.0515627848953547
0.4777992809783624 0.6605918682320118 0.6804464324167768 0.1430385488196561 0.05185061541431091
0.502946611556171 0.6124187900765813 0.6993192394897254 0.1379622771466757 0.05212674320184264
0.5280939421339795 0.563441853272635 0.7163924481899039 0.1315840306040718 0.05238747244367421
0.5532412727117881 0.5137957203687045 0.731706629261992 0.1239739398576801 0.05263241087887295
0.5783886032895966 0.4635898587682727 0.7452971321413293 0.1151934283512001 0.05286153850805508
0.6035359338674052 0.4129340693420227 0.75721464300423 0.1053165841901339 0.05307485614850947
0.6286832644452137 0.3619192547938174 0.7675430193553175 0.09442978500957321 0.05327126660746403
0.6538305950230223 0.3106305940565106 0.776365765916766 0.08263679291501985 0.05344622302082961
0.6789779256008308 0.2591266186409133 0.7837401684250701 0.07006406599529896 0.05359445244797104
0.7041252561786394 0.207462405079953 0.7897016517203537 0.05685450247554529 0.0537147983953996
0.7292725867564479 0.1556776609560261 0.7942828829141571 0.04313105850981967 0.05380970494203409
0.7544199173342565 0.1038170997040669 0.7975131657648219 0.02899927821488199 0.05388006988880727
0.779567247912065 0.05190921315354289 0.7994241279189948 0.01457425689444161 0.05392360002575635
0.8047145784898736 -1.650214919104168e-05 0.8000525480688241 4.679247931409399e-07 0.05393804705007888
0.8298619090676822 -0.05194475791724115 0.7994200180910097 -0.01457165731768397 0.05392321341658378
0.8550092396454907 -0.1038504586354739 0.7975093029041466 -0.02899411056879323 0.05388021208424199
0.8801565702232993 -0.1557130297745391 0.7942786796145352 -0.04313020456178734 0.0538103270852627
0.9053039008011078 -0.2074948348949257 0.7896938309310165 -0.05685624351006257 0.05371501779839095
0.9304512313789164 -0.2591615533002235 0.7837301787571616 -0.0700643698632486 0.05359423406602681
0.9555985619567249 -0.3106637774928787 0.7763584393735595 -0.08263426327588617 0.05344661714678239
0.9807458925345335 -0.3619552338796708 0.7675345518182765 -0.09443008941333118 0.0532722711828937
1.005893223112342 -0.412966914458033 0.7572000767713667 -0.1053183504154062 0.05307562792935629
1.031040553690151 -0.4636248056009267 0.7452779419282933 -0.11519530951961 0.05286181461866287
1.056187884267959 -0.5138287537470585 0.7316911716532329 -0.1239776910363183 0.05263298354137193
1.081335214845768 -0.5634785699408602 0.7163793940344413 -0.131593631224205 0.05238800712080162
1.106482545423576 -0.6124525183710959 0.6993055363270869 -0.1379717008268985 0.05212658219747407
1.131629876001385 -0.6606274576779221 0.6804297067364519 -0.1430422087626428 0.05185045640236057
1.156777206579193 -0.7078508403569492 0.6597070767520644 -0.1467371038994368 0.05156447249339579
1.181924537157002 -0.7539676178108722 0.6370871027938416 -0.1490072806585163 0.05127494161533486
1.20707186773481 -0.7988018778075688 0.6125374238434881 -0.1498331581122786 0.05098757895140747
1.232219198312619 -0.8421868331924866 0.5860405885873424 -0.1492202842340928 0.05070349371799532
1.257366528890427 -0.8839395549554124 0.5576120955559123 -0.14718147755522 0.05042072195746623
1.282513859468236 -0.9238847725229788 0.5272822819370653 -0.1437281394991536 0.05013812045613398
1.307661190046045 -0.9618276348436399 0.4951026937946664 -0.1388781568073637 0.04985973713006055
1.332808520623853 -0.997580071321134 0.4611198059661738 -0.1326651706834255 0.04959282748861779
1.357955851201662 -1.030943189870585 0.4253996576351729 -0.1251483026256725 0.0493444758107538
1.38310318177947 -1.06174144229874 0.3880164687492063 -0.1164065983808618 0.04911749315223828
1.408250512357279 -1.089804963278284 0.3490832935357789 -0.1065363139073325 0.04891070338537969
1.433397842935087 -1.114988210770057 0.3087247016629417 -0.09563442881520057 0.04872082276310109
1.458545173512896 -1.137143462885859 0.2670979423584256 -0.08380170800135812 0.0485470020974197
1.483692504090705 -1.156137735707129 0.2243558677151364 -0.07113961341414037 0.04839260073718821
1.508839834668513 -1.171841207709329 0.1806719748022455 -0.05776849673303528 0.04826430788620593
1.533987165246322 -1.184150964257056 0.1362075753251444 -0.04382089588026399 0.04816757704612496
1.55913449582413 -1.192987037724446 0.09114888573763137 -0.02944648403003818 0.04810357414339671
1.584281826401939 -1.198304146619583 0.04567631393076516 -0.01479076960054552 0.0480687302672512
1.609429156979747 -1.200078726537519 -4.181225263790946e-07 2.284256327703515e-07 0.04805802997829547
1.634576487557556 -1.198304401717708 -0.04568196310186017 0.01479243806385834 0.04806892243931278
1.659723818135364 -1.192987335553878 -0.09115033761244914 0.02944621373600548 0.04810359100624757
1.684871148713173 -1.184149644934744 -0.1362130807426754 0.04382231036212061 0.04816740375964863
1.710018479290981 -1.171841200327828 -0.180672791159786 0.05776897224961106 0.04826424463472601
1.73516580986879 -1.156136711754849 -0.2243612542867836 0.0711413479091605 0.04839286220940106
1.760313140446599 -1.137144179137284 -0.2670997711686645 0.08380162271566696 0.0485471191906555
1.785460471024407 -1.114986238409641 -0.3087300550022617 0.09563549198007483 0.04872065084630679
1.810607801602216 -1.089805252631547 -0.3490842689115251 0.1065370518436718 0.04891043012381863
1.835755132180024 -1.061739490998084 -0.3880209494203576 0.1164085794904399 0.04911764513558441
1.860902462757833 -1.03094381848588 -0.4254013223287765 0.1251487800032999 0.04934471829336264
1.886049793335641 -0.9975771645064945 -0.4611243853517792 0.1326656949788954 0.04959293223341468
1.91119712391345 -0.9618276729178834 -0.4951041225229075 0.1388786141553742 0.04985956419896902
1.936344454491258 -0.9238822177897534 -0.527286600334143 0.1437297765343101 0.05013815053134443
1.961491785069067 -0.8839403490627454 -0.5576144234668093 0.147182734793357 0.05042072435759089
1.986639115646875 -0.8421838688790234 -0.5860443154912076 0.1492212455013971 0.05070345394330408
2.011786446224684 -0.7988017613323848 -0.6125382195267703 0.1498343087327473 0.05098744303236993
2.036933776802492 -0.7539643913010025 -0.637089916481793 0.1490085940265125 0.05127518716071355
2.062081107380301 -0.70785095416634 -0.6597093740845228 0.1467379243072466 0.05156470079160863
2.08722843795811 -0.6606242033978641 -0.680433314172217 0.1430423392705577 0.05185046803566189
2.112375768535918 -0.6124522784286147 -0.6993072439850327 0.137973279683904 0.05212627949245194
2.137523099113727 -0.5634753462476729 -0.7163820238731512 0.1315958311490018 0.05238798984599977
2.162670429691535 -0.5138285067712067 -0.731692822385028 0.1239796343191965 0.05263308263772717
2.187817760269344 -0.4636214226084274 -0.7452794892416131 0.1151954763823118 0.05286195017732716
2.212965090847153 -0.4129662960017916 -0.7572008371530606 0.1053193354136723 0.05307563229447629
2.238112421424961 -0.3619518808067814 -0.7675372181992296 0.09443108924302135 0.05327241764688904
2.26325975200277 -0.3106631194305398 -0.7763612514255024 0.08263588237312959 0.05344661034889948
2.288407082580578 -0.2591580394886667 -0.7837318689527726 0.07006561855312654 0.05359411930069511
2.313554413158387 -0.2074937615911838 -0.7896939982713214 0.05685907024551943 0.05371493194357012
2.338701743736195 -0.1557095373760674 -0.7942794931563226 0.04313163905780303 0.05381053668894063
2.363849074314003 -0.1038496709434904 -0.7975104185551556 0.02899453744910627 0.05388035740219452
2.388996404891812 -0.05194141610062206 -0.7994211531316658 0.01457151561643448 0.05392317426662844
2.414143735469621 -1.521369905517019e-05 -0.8000542937877222 2.044958200592149e-06 0.05393797842634373
2.439291066047429 0.05191310974610896 -0.7994261082193247 -0.01457189165396411 0.05392373335997332
2.464438396625238 0.1038185204823182 -0.7975134588583515 -0.02899704426480081 0.05388020687774111
2.489585727203047 0.1556813505409506 -0.7942814246592298 -0.04312986537952936 0.05380972469243757
2.514733057780855 0.2074637166158753 -0.7897015252665252 -0.05685288320488555 0.05371482437867516
2.539880388358664 0.2591303819594009 -0.783741607538647 -0.07006399846152526 0.05359450136935377
2.565027718936472 0.3106320637499356 -0.7763672901691754 -0.08263559985658313 0.05344618314084168
2.590175049514281 0.3619233268347209 -0.7675429518256571 -0.09442692066611931 0.05327125418743681
2.615322380092089 0.4129358726045704 -0.7572144292925483 -0.1053124237595591 0.05307521504732369
2.640469710669898 0.4635940913537162 -0.7452954628702798 -0.1151918852669207 0.05286199470464195
2.665617041247706 0.5137973302078666 -0.7317046802540519 -0.1239735713904609 0.05263245427819031
2.690764371825515 0.5634460686558593 -0.7163908281993424 -0.1315833272570682 0.05238709175245903
2.715911702403323 0.6124209306266757 -0.6993204972152385 -0.1379600003811357 0.05212662372822439
2.741059032981132 0.6605965332344738 -0.6804463004455682 -0.1430360864632587 0.0518509208334615
2.766206363558941 0.7078189947945439 -0.6597210237542361 -0.1467323002937451 0.05156328493934381
2.791353694136749 0.7539337184446568 -0.637102294925276 -0.1489953122559354 0.05127270196403819
2.816501024714558 0.7987685989197743 -0.6125571853870259 -0.1498159871436613 0.05098702967862033
2.841648355292366 0.8421535888017661 -0.5860591399970518 -0.1492056532771294 0.05070504784443421
2.866795685870175 0.8839037869272092 -0.5576224415837998 -0.1471695900873158 0.05042155075720439
2.891943016447983 0.9238457315971146 -0.5272898030769698 -0.1437141641624741 0.05013713820429345
2.917090347025792 0.9617912103081045 -0.4951152190893108 -0.1388629981266341 0.04985877543564649
2.9422376776036 0.9975472167887492 -0.4611366089798702 -0.1326534044703906 0.04959279053126987
2.967385008181409 1.030908127716363 -0.4254133736955679 -0.1251374316615984 0.04934361353128212
2.992532338759217 1.061697973232504 -0.388027712217602 -0.1163902230643592 0.04911586390862043
3.017679669337026 1.089758133886442 -0.3490942449914578 -0.1065154796282425 0.04891129159983124
3.042826999914835 1.1149442925112 -0.3087335472368369 -0.09561891337953519 0.04872460332673623
3.067974330492643 1.137102251206152 -0.2670991954498428 -0.08379541401416972 0.04854974199151794
3.093121661070452 1.156093856927726 -0.2243553111116617 -0.07113566903047937 0.04839073647905624
3.11826899164826 1.171796336698167 -0.1806769810760748 -0.057758375298123 0.04826046063236299
3.143416322226069 1.184108279752873 -0.136218661779584 -0.04380717845030654 0.04816723016855531
3.168563652803877 1.192942902780018 -0.09115491550388088 -0.02943682199428934 0.04810743771957184
3.193710983381686 1.198250854921528 -0.04567434768682729 -0.01478824981894956 0.04806898486472775
