256
0.01873073792899315
0 1.150001487818145 1.926996359033376e-07 -1.084459252285512e-09 0.02649957654896242
0.006846124553094654 1.149061143745121 0.02274298817379513 0.01355886111538388 0.02650691288573728
0.01369224910618931 1.146246719083987 0.04542572360221039 0.02698474909486281 0.0265285626471959
0.02053837365928396 1.14157925292506 0.06799113660092652 0.04014827319228443 0.02656462654908041
0.02738449821237861 1.135094980010473 0.09038251268239805 0.05291924553937179 0.02661479059465502
0.03423062276547327 1.126841792832591 0.1125478522101171 0.06517432673187602 0.02667818557006535
0.04107674731856792 1.116882767702557 0.134435792558978 0.07679415520681956 0.02675431455419634
0.04792287187166257 1.105290603329549 0.1560038213572597 0.08766583660825893 0.02684256054379444
0.05476899642475723 1.092150765453761 0.1772112804163273 0.09768311019590477 0.02694196147671794
0.06161512097785189 1.077558779502481 0.1980276647301891 0.1067502481688907 0.02705153516410018
0.06846124553094654 1.061619512352246 0.2184259524459713 0.1147787401586674 0.02716993737935291
0.07530737008404119 1.044443516130791 0.2383884496060708 0.1216927936048319 0.0272961640071574
0.08215349463713584 1.02615067587443 0.2579048289206115 0.1274252394937668 0.02742908086765541
0.0889996191902305 1.006862392229654 0.2769739375641984 0.1319220706550195 0.02756709918048748
0.09584574374332515 0.9867067624737587 0.295600895653473 0.1351422956883111 0.02770883347195066
0.1026918682964198 0.9658100844464218 0.313801196471544 0.1370557240192303 0.02785289654606715
0.1095379928495145 0.9443014627346246 0.3315957830961788 0.1376458764982644 0.02799794227276102
0.1163841174026091 0.9223068433118093 0.3490171937581534 0.1369093179830584 0.02814254546384995
0.1232302419557038 0.8999507898169452 0.3661012705502915 0.134855269311785 0.02828505222694926
0.1300763665087984 0.877351099169121 0.3828929084030886 0.1315063725244402 0.02842427258783434
0.1369224910618931 0.8546229377003356 0.3994418077137795 0.1268957945793927 0.02855889831637179
0.1437686156149877 0.8318712363131029 0.415803739524898 0.1210703653830667 0.02868767594327796
0.1506147401680824 0.8091960612042159 0.4320379964233452 0.114088512267376 0.02880930529075779
0.157460864721177 0.7866850421533943 0.4482062877284174 0.1060176961642613 0.02892270245000177
0.1643069892742717 0.7644193226395235 0.4643729626808568 0.09693738562042678 0.02902700213113496
0.1711531138273663 0.7424670975873708 0.4806038158958811 0.08693414090266767 0.02912121856210693
0.177999238380461 0.7208868598375689 0.4969622579859637 0.07610613082407867 0.02920449903930904
0.1848453629335557 0.6997248785749123 0.5135117993669637 0.06455539655828951 0.02927611726068399
0.1916914874866503 0.6790173383858058 0.5303109662242469 0.05239286229938706 0.02933558615677251
0.198537612039745 0.6587875710839448 0.5474173466548108 0.03973398638166765 0.0293823883131342
0.2053837365928396 0.6390486418444373 0.5648793401573317 0.02669940359152639 0.02941606077186634
0.2122298611459343 0.6198012316505145 0.5827418721355394 0.01341210194839946 0.02943634106940884
0.2190759856990289 0.6010382183572466 0.6010405582843271 -2.261138976959708e-06 0.02944312052519243
0.2259221102521236 0.5827390945810105 0.619804461672523 -0.01341654570505376 0.02943637532245487
0.2327682348052182 0.5648771046330838 0.6390515028077692 -0.02670348488141696 0.02941605222012883
0.2396143593583129 0.5474145134455841 0.6587906673542845 -0.03973853192990929 0.02938234442469175
0.2464604839114075 0.5303091943430986 0.6790204236257134 -0.05239697909119971 0.02933556123258077
0.2533066084645022 0.513509507291865 0.6997285056946591 -0.06455971196659954 0.02927614522073602
0.2601527330175968 0.4969602366472575 0.7208901641871209 -0.07610962942508376 0.02920447646113727
0.2669988575706915 0.4806016495361233 0.7424707813592519 -0.0869384666501313 0.02912115860208158
0.2738449821237862 0.4643713008474186 0.7644227168349723 -0.09694085349723318 0.02902695990739267
0.2806911066768808 0.4482045315453081 0.7866892645049594 -0.1060212413203357 0.02892271830054385
0.2875372312299754 0.4320360388525996 0.8091994321527077 -0.1140915912803763 0.02880928737616037
0.2943833557830701 0.4158019046727348 0.8318754610288968 -0.1210736221218282 0.02868758108831169
0.3012294803361648 0.3994404305020909 0.8546265021486785 -0.12689879842142 0.02855886020473702
0.3080756048892594 0.3828910635197767 0.8773554145769054 -0.1315086697666173 0.0284242621254539
0.3149217294423541 0.3660997428633024 0.8999543565901515 -0.1348576900977107 0.02828505570820345
0.3217678539954487 0.349015105984496 0.9223109697701493 -0.1369116216686501 0.02814242650214904
0.3286139785485434 0.3315947272530451 0.9443051298510163 -0.1376477328044295 0.02799787907038265
0.335460103101638 0.3137992556819695 0.9658141597002955 -0.1370573213751241 0.02785291048673618
0.3423062276547327 0.2955993195488293 0.9867099789473481 -0.1351434898422657 0.02770880854237791
0.3491523522078274 0.2769720150336409 1.006866443800822 -0.1319234886072834 0.02756701864013936
0.355998476760922 0.2579034486833777 1.026153770979819 -0.1274262941505882 0.02742896825248099
0.3628446013140166 0.238386716456252 1.044447141840529 -0.1216930940378899 0.02729617129503107
0.3696907258671113 0.218424315287596 1.06162225220161 -0.1147795102450985 0.02716997136113622
0.376536850420206 0.1980254763044742 1.077561893744627 -0.1067504083995414 0.02705140663842047
0.3833829749733006 0.1772101438423748 1.092153540370202 -0.09768348855767264 0.02694188153845065
0.3902290995263953 0.156001747697322 1.10529321332395 -0.08766557126007907 0.02684253531442067
0.3970752240794899 0.1344344400357649 1.116884607689985 -0.07679396973657879 0.02675433806117003
0.4039213486325846 0.1125455921518859 1.126844181762207 -0.06517401961027766 0.02667815808543107
0.4107674731856792 0.09038113203085694 1.135096626188679 -0.05291916218690455 0.02661462748822535
0.4176135977387739 0.06798940689931947 1.14158094018427 -0.04014728012883665 0.02656459300075746
0.4244597222918685 0.04542435053545926 1.146247813397227 -0.02698456758309873 0.02652862545807539
0.4313058468449632 0.02274082446866474 1.149061938519672 -0.01355810516001217 0.02650681731441831
0.4381519713980578 -9.12888422603309e-07 1.150002559448434 3.273471261766221e-07 0.02649948438229857
0.4449980959511525 -0.02274353316805177 1.149062038813051 0.01355913748742672 0.02650674882744026
0.4518442205042472 -0.04542589358019938 1.146247123633832 0.02698523836119759 0.02652855157087758
0.4586903450573418 -0.06799168825844766 1.141579883087495 0.04014848446655885 0.02656473310154419
0.4655364696104364 -0.09038323323533051 1.135095612323232 0.0529192942532822 0.02661469327162624
0.4723825941635311 -0.1125480487781574 1.126842614592079 0.06517489611756259 0.02667803991239545
0.4792287187166258 -0.1344359799884829 1.116883478093106 0.07679455163399312 0.02675432528221287
0.4860748432697204 -0.1560039974314357 1.105290856476847 0.08766591217209325 0.02684260176169253
0.4929209678228151 -0.1772116600484611 1.092151474088907 0.09768344969477599 0.02694196103808691
0.4997670923759097 -0.1980280736781094 1.077559611215904 0.1067505929183162 0.02705140937628859
0.5066132169290044 -0.2184257267261699 1.061619982552448 0.114779256381572 0.02716985860817486
0.513459341482099 -0.2383884676964407 1.044444092853428 0.1216931077085308 0.02729625270239673
0.5203054660351937 -0.2579050799027269 1.026151229893575 0.1274252394660901 0.02742907011285789
0.5271515905882883 -0.2769739907164035 1.006863091104022 0.1319227358620605 0.02756699979894212
0.5339977151413829 -0.2956008385878336 0.9867074412078829 0.1351428240367747 0.02770876883255369
0.5408438396944777 -0.3138007885241396 0.9658105020126948 0.1370559095422508 0.02785291362586793
0.5476899642475723 -0.3315958771325695 0.9443021713615266 0.1376462464006147 0.0279979856199129
0.554536088800667 -0.3490172430760283 0.9223075366695307 0.1369097106437594 0.02814245011665714
0.5613822133537616 -0.3661008181126069 0.8999512832721598 0.134856040495023 0.02828498097151212
0.5682283379068562 -0.3828926196585083 0.8773517589048142 0.1315066267956008 0.02842429168717053
0.5750744624599509 -0.3994415130886169 0.8546235758200185 0.1268960350055925 0.02855891365985934
0.5819205870130456 -0.4158037194890968 0.8318719125001918 0.1210711360544426 0.02868762678750335
0.5887667115661402 -0.4320374372498458 0.8091965950730385 0.1140889989271104 0.02880922038769819
0.5956128361192349 -0.4482056849847593 0.7866856011141062 0.1060181854643724 0.02892271756227088
0.6024589606723295 -0.4643727735840024 0.764420172489908 0.09693766391207304 0.02902701512206748
0.6093050852254241 -0.4806033560158308 0.7424675910163914 0.08693488547548528 0.02912117651253798
0.6161512097785188 -0.4969617222835452 0.7208874063490519 0.07610677710310038 0.02920443243126533
0.6229973343316135 -0.5135109715110366 0.6997255399979957 0.06455563929911098 0.02927611301677966
0.6298434588847082 -0.5303106431212077 0.6790180740793819 0.05239347735647354 0.02933560870319499
0.6366895834378028 -0.5474167697704251 0.6587881721115877 0.03973455852651566 0.02938234796820532
0.6435357079908974 -0.564878459856391 0.6390490026859583 0.02670003115730724 0.02941600805204045
0.6503818325439921 -0.582741155707221 0.6198021071383147 0.01341234988231523 0.02943632704034043
0.6572279570970867 -0.601039872343598 0.6010388479668545 -1.71672222955553e-06 0.02944314874351101
0.6640740816501814 -0.619803832132541 0.5827396546865518 -0.01341586125756486 0.02943634280084734
0.6709202062032761 -0.6390503777476727 0.5648775855284852 -0.02670323801298729 0.02941600317519278
0.6777663307563707 -0.65878988057115 0.5474153038625015 -0.03973813395284533 0.02938232960915929
0.6846124553094654 -0.6790196326918161 0.5303100062107778 -0.05239660744704112 0.02933559233406984
0.69145857986256 -0.6997275484248754 0.5135098570417945 -0.06455914629476553 0.02927612662603393
0.6983047044156547 -0.7208891191619349 0.4969609871469459 -0.07610953776176359 0.02920442068719346
0.7051508289687494 -0.7424697465683818 0.4806023984133337 -0.08693832393285966 0.02912115128593586
0.711996953521844 -0.7644219028412013 0.4643721604320513 -0.09694038846326043 0.02902698918546928
0.7188430780749386 -0.7866881144304159 0.4482050204153294 -0.1060211618902728 0.02892272062947513
0.7256892026280333 -0.8091983417313858 0.432036741824296 -0.1140915335148536 0.02880921829304571
0.7325353271811279 -0.831874487720527 0.4158029804373232 -0.1210737637776087 0.02868757867870127
0.7393814517342226 -0.8546254372857455 0.3994411404154496 -0.1268985672205024 0.02855889680708687
0.7462275762873173 -0.8773543773639709 0.3828918560569105 -0.1315087090690465 0.02842427021399168
0.7530737008404119 -0.8999532321976943 0.3661005033905728 -0.1348581505910108 0.02828499894247323
0.7599198253935066 -0.9223100308143007 0.349016259164495 -0.1369117148485513 0.0281423922625708
0.7667659499466012 -0.9443041594842907 0.3315957641667269 -0.1376479768046847 0.02799794943178168
0.7736120744996958 -0.9658130296757665 0.3137999621843168 -0.1370575802139142 0.02785291375241285
0.7804581990527906 -0.9867091510536746 0.2956004527466342 -0.1351440728868065 0.02770875777480122
0.7873043236058852 -1.006865599779401 0.276973169935525 -0.1319241164718867 0.02756698304692715
0.7941504481589798 -1.026152842733306 0.2579046754188936 -0.1274265205956529 0.02742900414559766
0.8009965727120745 -1.044446354276598 0.238387769949019 -0.1216937767761117 0.02729623774010607
0.8078426972651691 -1.061621470960625 0.2184253170385274 -0.1147803264287772 0.02716989747661802
0.8146888218182637 -1.077561409114316 0.1980269767903958 -0.1067510663397116 0.02705135241819549
0.8215349463713585 -1.092152958198969 0.1772114762894254 -0.09768424992775374 0.0269419345068255
0.8283810709244531 -1.105292451789225 0.156002931034891 -0.08766624660925608 0.02684256980500498
0.8352271954775478 -1.116884352356642 0.1344357359738182 -0.07679492174178859 0.02675433161725266
0.8420733200306424 -1.126843978035141 0.112546916389855 -0.06517504237209958 0.0266780748269609
0.848919444583737 -1.135096306620494 0.09038276255533075 -0.05291984580149963 0.02661461649277609
0.8557655691368317 -1.141580786880333 0.06799080981759559 -0.04014820396572538 0.02656469744717925
0.8626116936899264 -1.146247644333158 0.04542554376580582 -0.02698566416751198 0.02652860250026941
0.869457818243021 -1.149062172031306 0.0227423592078125 -0.01355896805315209 0.02650673638284495
0.8763039427961157 -1.150002894256802 6.265342165997815e-07 -6.01574389285017e-07 0.02649947934577759
0.8831500673492103 -1.149062007539725 -0.02274200204054477 0.01355820559981055 0.02650677901520812
0.8899961919023049 -1.146247493761665 -0.04542446416698968 0.02698431927466439 0.02652860319458612
0.8968423164553997 -1.141580523562927 -0.06799044377173957 0.04014744640205255 0.02656467596297414
0.9036884410084943 -1.135096153814217 -0.09038159875607411 0.05291853815854801 0.02661460645219514
0.910534565561589 -1.126843303777148 -0.1125464560812435 0.06517415911589791 0.02667810517826909
0.9173806901146836 -1.11688408045827 -0.1344346728835068 0.07679349969051953 0.02675436432513117
0.9242268146677782 -1.105291714249935 -0.1560026058045501 0.08766518774753011 0.02684255458602216
0.9310729392208729 -1.092152629076649 -0.1772103234026901 0.09768286724015843 0.02694191496980548
0.9379190637739676 -1.077560456898618 -0.1980265159262452 0.1067498685898623 0.02705139085328247
0.9447651883270622 -1.061620992435576 -0.2184242753459642 0.1147786568476023 0.02716992384172174
0.9516113128801569 -1.044445333395524 -0.2383873989209235 0.121692408902514 0.02729624641654846
0.9584574374332515 -1.026152415717654 -0.257903690927428 0.1274248675129805 0.0274289856697577
0.9653035619863461 -1.006864391282893 -0.2769726197740542 0.1319225030571077 0.02756700616721293
0.9721496865394408 -0.9867086619709134 -0.2955995290263057 0.1351421913512419 0.02770879754189587
0.9789958110925355 -0.9658118478657931 -0.3137995997619452 0.137055667787842 0.02785292408395684
0.9858419356456302 -0.9443036624857908 -0.3315948709808446 0.1376461249891603 0.02799793745595348
0.9926880601987248 -0.9223088214447852 -0.3490158046802139 0.1369095956022392 0.0281424129923513
0.9995341847518194 -0.8999527258749057 -0.3660996482796167 0.1348559603591875 0.02828502932620362
1.006380309304914 -0.8773532626808311 -0.3828916024895111 0.1315063919292635 0.02842429309745201
1.013226433858009 -0.8546249682323507 -0.3994404063642125 0.1268963518188239 0.02855888225336823
1.020072558411103 -0.831873370382292 -0.4158026054092815 0.1210712529262914 0.02868759846630963
1.026918682964198 -0.809197993823795 -0.4320361341487391 0.1140890346603037 0.02880924386057139
1.033764807517293 -0.7866871446676692 -0.4482048572496045 0.1060184497487845 0.02892274178108264
1.040610932070387 -0.7644215723714121 -0.4643716866799344 0.09693795264364918 0.02902698054320447
1.047457056623482 -0.7424688735123719 -0.4806021881312833 0.08693537732577554 0.02912116256357938
1.054303181176577 -0.7208889485079433 -0.4969606437619242 0.07610690011096374 0.0292044454630212
1.061149305729671 -0.6997268887762013 -0.5135099519056884 0.06455611181898602 0.02927614202608672
1.067995430282766 -0.6790194439583954 -0.5303097366191674 0.0523940191415142 0.02933558717372444
1.074841554835861 -0.658789376392323 -0.5474154423056968 0.0397349433224178 0.02938233345385459
1.081687679388955 -0.639050420815743 -0.5648774823409688 0.02670048798270204 0.02941602522586429
1.08853380394205 -0.6198034900550138 -0.5827401110074062 0.01341275969124767 0.02943635388725518
1.095379928495145 -0.6010399239409007 -0.6010388142525029 -1.007939341135905e-06 0.02944314324206639
1.102226053048239 -0.5827409696070809 -0.6198026300285514 -0.01341554121675313 0.02943632424669664
1.109072177601334 -0.5648787974637827 -0.6390492106388584 -0.02670278651234823 0.02941602687493106
1.115918302154429 -0.5474166632847257 -0.658788950070052 -0.03973756740711043 0.02938235629621767
1.122764426707523 -0.5303109870495858 -0.6790183572743116 -0.05239616474921623 0.02933560011505188
1.129610551260618 -0.5135110511380275 -0.6997264098312204 -0.06455870882326571 0.02927610427362111
1.136456675813712 -0.4969623060226643 -0.720887930791876 -0.0761093197486694 0.02920444798385117
1.143302800366807 -0.4806034780174699 -0.7424686706828119 -0.08693771418543544 0.02912118441896715
1.150148924919902 -0.4643733104756567 -0.7644207191275203 -0.09694012396607553 0.02902700171923692
1.156995049472997 -0.4482060260566592 -0.7866868277263457 -0.1060209747326778 0.02892270317553748
1.163841174026091 -0.432038142524922 -0.8091972959984275 -0.1140912437446455 0.02880923433450573
1.170687298579186 -0.4158040383107867 -0.8318732890871405 -0.1210735660915148 0.0286876344289402
1.17753342313228 -0.3994421727123323 -0.8546242672195844 -0.1268982598980361 0.02855889978034676
1.184379547685375 -0.3828930816602669 -0.8773532446438302 -0.1315088829385085 0.0284242664971305
1.19122567223847 -0.366101664168886 -0.8999520854916471 -0.1348580172554224 0.02828500000089152
1.198071796791564 -0.3490175621900991 -0.9223090103400523 -0.1369115838923734 0.02814245506366711
1.204917921344659 -0.3315966993143952 -0.9443029806699604 -0.1376481475616915 0.02799797690165251
1.211764045897754 -0.3138011817704689 -0.9658120083093736 -0.1370576511184292 0.0278528801775628
1.218610170450848 -0.2956018025499108 -0.9867082551401535 -0.1351443791219358 0.02770878357706747
1.225456295003943 -0.2769742710113259 -1.006864501403625 -0.1319241458481175 0.02756701950540914
1.232302419557038 -0.2579059027639268 -1.026151948921733 -0.1274267247820917 0.02742905615048337
1.239148544110132 -0.2383888330423952 -1.044445507269745 -0.1216943259716493 0.02729622424344099
1.245994668663227 -0.218426656006993 -1.061620637585814 -0.1147805343702408 0.0271698650773472
1.252840793216322 -0.1980283179655396 -1.077560733658685 -0.1067514274352716 0.02705143395776992
1.259686917769416 -0.1772124756789114 -1.092152057242316 -0.09768469727912928 0.02694197078997467
1.266533042322511 -0.1560041782797473 -1.105291850782459 -0.08766665555384433 0.02684256068464018
1.273379166875606 -0.13443696275608 -1.116883964453073 -0.07679555830245938 0.02675433062872273
1.2802252914287 -0.1125481608173929 -1.126843273671532 -0.06517543375646795 0.02667807589851271
1.287071415981795 -0.09038403318669382 -1.135095844741597 -0.05292027693540338 0.02661470665409204
1.293917540534889 -0.06799175631722845 -1.141580417809771 -0.04014895076604685 0.02656471722679312
1.300763665087984 -0.04542676254806394 -1.146247284708795 -0.02698616139868374 0.02652853862277353
1.307609789641079 -0.02274364517980722 -1.149062092069166 -0.01355944660608048 0.02650678206077507
1.314455914194173 -1.661611064712773e-06 -1.150002507078465 -1.278702676056318e-06 0.02649953052536297
1.321302038747268 0.02274088687348608 -1.149061751459465 0.01355768116165205 0.02650680401903458
1.328148163300363 0.04542351618125429 -1.146247674899933 0.02698370035688992 0.02652861260556619
1.334994287853458 0.06798937730246855 -1.141580416225414 0.04014685080563857 0.02656463002070927
1.341840412406552 0.09038039152517563 -1.135096133122209 0.05291813180025624 0.02661466863635007
1.348686536959647 0.1125456727457368 -1.126843412112744 0.06517344889005819 0.02667818191776355
1.355532661512741 0.134433776501019 -1.116884115065143 0.07679289096581068 0.0267543235909866
1.362378786065836 0.1560016650671738 -1.105292080951835 0.08766488488582962 0.0268425570840491
1.369224910618931 0.1772094808450134 -1.092152804208008 0.0976822456310644 0.02694194160914655
1.376071035172025 0.1980255647390969 -1.077560535758204 0.1067493527669042 0.02705143782345227
1.38291715972512 0.2184237220547771 -1.061621453712955 0.1147782109370266 0.02716996748265608
1.389763284278215 0.2383867058341278 -1.044445627515162 0.1216918938066938 0.02729619658350701
1.396609408831309 0.2579028200422633 -1.026152740268129 0.1274246678388709 0.02742901270451697
1.403455533384404 0.2769721005236597 -1.006864787484324 0.1319219256253988 0.02756707330701457
1.410301657937499 0.2955989027747263 -0.9867089696864814 0.1351417131947134 0.02770880921641392
1.417147782490593 0.3137992164729431 -0.9658123691335838 0.1370555552484068 0.02785293171955856
1.423993907043688 0.3315942945806091 -0.9443040361274834 0.1376456786701424 0.02799792642089582
1.430840031596783 0.3490152006990434 -0.9223091671449311 0.1369093563047272 0.02814247582538278
1.437686156149877 0.3660995048542187 -0.8999532825512835 0.1348555399863991 0.02828507088664029
1.444532280702972 0.382891163094205 -0.877353617994037 0.1315061912819228 0.02842427929947095
1.451378405256067 0.399440140860469 -0.8546253996501482 0.1268963157962632 0.0285589013369573
1.458224529809161 0.4158022203081331 -0.8318738085546473 0.1210707575051045 0.02868763179107847
1.465070654362256 0.4320359871455708 -0.8091984041495709 0.1140889644356785 0.02880930107097002
1.47191677891535 0.4482048670341902 -0.7866876408940385 0.1060182478894487 0.02892273838088617
1.478762903468445 0.4643713056299084 -0.7644218078349659 0.09693789356846194 0.02902699130420364
1.48560902802154 0.480602221428425 -0.7424693722996335 0.08693517638347859 0.02912120577781951
1.492455152574635 0.496960548666839 -0.7208893680772079 0.07610664517784237 0.02920448946435876
1.499301277127729 0.5135101197001832 -0.6997271687679533 0.06455627895858011 0.02927616057633546
1.506147401680824 0.5303096342361125 -0.6790198128866748 0.05239377911489335 0.02933558753213825
1.512993526233918 0.5474154591149559 -0.6587896339734519 0.03973492371954503 0.02938238213103414
1.519839650787013 0.5648778145982398 -0.6390509506830265 0.02670037915980363 0.02941606542244831
1.526685775340108 0.5827401632713921 -0.6198035572004768 0.01341285589320576 0.02943638125470782
1.533531899893202 0.6010390807589909 -0.6010402301873171 -9.787025548522443e-07 0.02944314254903195
1.540378024446297 0.6198027139905936 -0.5827412647877561 -0.0134157281405907 0.02943636864561265
1.547224148999392 0.6390497176495553 -0.5648790378692397 -0.02670250342373111 0.02941607301256575
1.554070273552487 0.6587892108047415 -0.5474168445249096 -0.0397375724549267 0.02938238291367973
1.560916398105581 0.679018619944193 -0.53031094685708 -0.05239599349832279 0.02933560359447805
1.567762522658676 0.6997268896117119 -0.5135114791629175 -0.06455869855403065 0.02927613659718819
1.57460864721177 0.7208883307698071 -0.496962248813603 -0.07610904760164433 0.02920450900535709
1.581454771764865 0.7424692296405432 -0.480603546550585 -0.08693733693557368 0.02912120248550897
1.58830089631796 0.7644210302260601 -0.464373231846308 -0.09694014337203039 0.02902701341855537
1.595147020871054 0.7866874357788542 -0.4482061018777945 -0.1060204966951405 0.0289227187618898
1.601993145424149 0.8091978812793776 -0.432038188923081 -0.11409094701642 0.02880931050500724
1.608839269977244 0.8318737335306209 -0.4158036018503441 -0.1210730162443866 0.02868765427306657
1.615685394530338 0.8546248982627638 -0.3994421737361676 -0.1268979321333643 0.02855889986070328
1.622531519083433 0.8773537552340315 -0.3828928092616008 -0.1315085003774711 0.0284242923376718
1.629377643636527 0.8999527213357801 -0.3661014629451592 -0.134857104241933 0.02828505506811722
1.636223768189622 0.9223095451908428 -0.3490170860972416 -0.1369111577057772 0.02814251848469889
1.643069892742717 0.9443034412283462 -0.331596118067613 -0.1376474308328001 0.02799794121114701
1.649916017295812 0.9658127171269275 -0.3138010043443161 -0.1370569438536689 0.02785291255619014
1.656762141848906 0.9867086456935241 -0.2956010814068605 -0.1351435462829715 0.02770885117921136
1.663608266402001 1.006864906595345 -0.2769735960572808 -0.1319230373518477 0.02756706349828302
1.670454390955096 1.02615250851277 -0.2579051442719807 -0.1274261268970932 0.02742907840191324
1.67730051550819 1.044445792415705 -0.2383880199177003 -0.1216932670660355 0.02729618697070003
1.684146640061285 1.061621043135658 -0.2184260359981154 -0.1147793004935727 0.0271699585156337
1.690992764614379 1.077560868512517 -0.1980270975992945 -0.1067504858482868 0.02705152022920227
1.697838889167474 1.092152127524375 -0.1772113798397685 -0.09768346546961536 0.02694194447006827
1.704685013720569 1.105292248119921 -0.1560032259812136 -0.08766558370267903 0.0268425887830727
1.711531138273663 1.116883777379865 -0.1344357079623717 -0.07679432132846628 0.02675436218652606
1.718377262826758 1.126843015866275 -0.1125469926367599 -0.0651739474754605 0.02667817529361265
1.725223387379853 1.13509580078719 -0.09038247030969648 -0.05291922991602561 0.02661478670428131
1.732069511932947 1.141579989319132 -0.06799025975386738 -0.04014767654302916 0.02656465564540536
1.738915636486042 1.146246973467322 -0.04542553853316465 -0.02698461640918495 0.02652862049104777
1.745761761039137 1.149061430350976 -0.02274189336355982 -0.01355825481306171 0.026506876801784
