128
0.01977590043690924
0 1.150013218582397 3.183847270034089e-06 -5.281704826252282e-07 0.0484079405316391
0.01757847140299567 1.148346759484946 0.04695137330363527 0.01164434776936317 0.04841772267374521
0.03515694280599135 1.143356299386719 0.09371013800563072 0.02317264089737135 0.04844355328545545
0.05273541420898702 1.135072864026236 0.1400925110767824 0.03446809455477096 0.04848654749431391
0.07031388561198269 1.123546434931088 0.1859158737980859 0.0454179875919775 0.0485462830249435
0.08789235701497837 1.108846020558387 0.2310035056589071 0.05591300589187558 0.04862201628667631
0.105470828417974 1.091058548780907 0.2751868423836138 0.06584901669287975 0.04871315867177604
0.1230492998209697 1.070287293046091 0.3183072974140169 0.07512806204942206 0.04881868912647511
0.1406277712239654 1.046650668332697 0.3602171897734918 0.08365929592144471 0.04893771626149509
0.1582062426269611 1.020279833442949 0.4007821082593502 0.09136012592584328 0.04906896847495398
0.1757847140299567 0.9913176066654937 0.439880496417685 0.09815675690921503 0.04921127987617072
0.1933631854329524 0.9599151851518472 0.4774062425753133 0.1039851918178654 0.04936317093137969
0.2109416568359481 0.9262315134109549 0.5132671249551395 0.1087914789786194 0.04952325150471982
0.2285201282389437 0.8904292044845523 0.5473873053147124 0.1125324577213637 0.04968988449098471
0.2460985996419394 0.8526745831170788 0.5797048642087379 0.115175772444269 0.04986151616537893
0.2636770710449351 0.8131329908194102 0.6101739668742074 0.1167002863396412 0.05003641212463738
0.2812555424479308 0.7719696560986514 0.6387617271277468 0.1170959343401765 0.0502129236169488
0.2988340138509264 0.729344605658744 0.6654499046914185 0.116363760728687 0.05038928537327954
0.3164124852539221 0.6854144542657342 0.6902313406339372 0.1145156836051932 0.05056382686077306
0.3339909566569178 0.6403271476636851 0.7131111327024828 0.1115741461368005 0.0507348207182783
0.3515694280599135 0.5942247095067786 0.7341028803734014 0.1075718587932608 0.05090064829807586
0.3691478994629092 0.5472380143847086 0.7532293612833939 0.1025510829997646 0.05105968696058113
0.3867263708659048 0.4994904802825069 0.7705188107425381 0.09656340664147714 0.0512104393941115
0.4043048422689005 0.4510930203366532 0.7860051805587405 0.08966869973811176 0.05135144823468779
0.4218833136718961 0.4021486275703599 0.7997246577198858 0.08193496499720945 0.05148139856412762
0.4394617850748918 0.3527475912551661 0.8117156228062778 0.07343701686356265 0.05159904895854799
0.4570402564778875 0.3029728873627027 0.8220155868515345 0.06425643363202377 0.05170331655191697
0.4746187278808832 0.2528956785829841 0.8306609795150659 0.05448001452987399 0.0517932146342992
0.4921971992838788 0.2025813996960574 0.8376846536559249 0.04419984423939989 0.05186792947524643
0.5097756706868746 0.1520854972491779 0.8431156254816212 0.03351157968856523 0.05192675583507395
0.5273541420898702 0.1014600838367104 0.846977265169417 0.02251462295173981 0.05196917415894087
0.5449326134928659 0.05074981999466119 0.8492870861413649 0.01131028323365148 0.05199477677688079
0.5625110848958615 -9.960000236248192e-07 0.8500557091409557 2.041270180156871e-06 0.05200335307035085
0.5800895562988572 -0.05075254186310427 0.8492867598527764 -0.01130637425977428 0.05199480054658149
0.5976680277018529 -0.1014620806280598 0.8469766648714582 -0.02251065760009311 0.05196922388945023
0.6152464991048485 -0.1520882330379709 0.843114670244729 -0.03350789896844454 0.05192682655901314
0.6328249705078443 -0.202583417932771 0.8376835014441585 -0.04419622370103087 0.05186802753370385
0.6504034419108399 -0.2528984551935857 0.83065946363078 -0.05447677672500186 0.05179333059248463
0.6679819133138356 -0.3029749640207988 0.8220139741394346 -0.06425336544618768 0.0517034602500389
0.6855603847168312 -0.3527504598838391 0.811713651667381 -0.07343440992116497 0.05159920746512251
0.703138856119827 -0.4021508306746314 0.7997227086479749 -0.08193262393514113 0.05148158418292372
0.7207173275228226 -0.4510960646096278 0.7860028847128764 -0.08966687273811398 0.05135164587530837
0.7382957989258183 -0.4994929155187014 0.7705166677392635 -0.09656192306574909 0.05121066249093224
0.7558742703288139 -0.5472413538480749 0.7532268810981474 -0.1025501354458692 0.05105991993043398
0.7734527417318097 -0.5942275214158836 0.7341006867360487 -0.1075713086280535 0.05090090416215615
0.7910312131348053 -0.640330935677103 0.7131086009751011 -0.1115741193096263 0.05073508528325753
0.808609684537801 -0.685417821142508 0.6902292216489384 -0.1145160804987148 0.05056411100034343
0.8261881559407966 -0.7293490209391599 0.6654474287984865 -0.1163646316477219 0.05038957831878715
0.8437666273437923 -0.7719737778774093 0.6387597714893547 -0.1170972246844877 0.05021323226125571
0.861345098746788 -0.8131382223312734 0.6101716122521033 -0.1167019651078724 0.05003673130594767
0.8789235701497836 -0.8526796623527082 0.5797031077158601 -0.115177834199557 0.04986184686641015
0.8965020415527793 -0.8904354302309476 0.5473850822154581 -0.1125347891043177 0.04969022935112236
0.914080512955775 -0.9262377299998981 0.5132655386679316 -0.1087941251801086 0.04952360358257112
0.9316589843587707 -0.9599225457214681 0.4774040981846909 -0.1039879618659156 0.04936354280085158
0.9492374557617663 -0.9913250875937026 0.4398789816153083 -0.0981597448529498 0.04921165466930131
0.9668159271647621 -1.020288402126921 0.4007799262632557 -0.0913630745012441 0.04906937071972794
0.9843943985677577 -1.046659455044051 0.3602155817330387 -0.08366234310100237 0.04893811711303305
1.001972869970753 -1.070297045779964 0.3183049070231955 -0.07513090194195088 0.04881912684683698
1.019551341373749 -1.091068565134125 0.2751849246433982 -0.06585182395737341 0.0487135892695845
1.037129812776745 -1.1088568108025 0.231000703639886 -0.05591545093944918 0.04862249188192953
1.05470828417974 -1.123557457984323 0.1859134123594097 -0.04542026607960509 0.04854674274213615
1.072286755582736 -1.135084402378373 0.1400890956694147 -0.03446990961949547 0.04848704781479653
1.089865226985732 -1.143367980032103 0.09370695980727424 -0.02317413954019761 0.04844400104511342
1.107443698388727 -1.148358528978784 0.04694724451303179 -0.01164544687277306 0.04841800205996984
1.125022169791723 -1.150025388749678 -3.351620612390439e-07 -7.67931450251556e-08 0.04840930982959903
1.142600641194719 -1.14835846681355 -0.04694924905717948 0.01164559135937281 0.04841800397221223
1.160179112597714 -1.143368037751802 -0.09370763574517776 0.02317399495559401 0.04844399955165162
1.17775758400071 -1.135084217266106 -0.1400910790586247 0.03447005783720301 0.04848705347551469
1.195336055403706 -1.123557567269125 -0.1859141042770467 0.04542014790205035 0.04854673985272378
1.212914526806701 -1.108856506748375 -0.2310026455403976 0.05591560666577975 0.04862250108597737
1.230492998209697 -1.091068714385931 -0.2751856404808847 0.06585174786915184 0.0487135851857439
1.248071469612693 -1.07029662900906 -0.3183067886633515 0.07513106900677435 0.04881913929593013
1.265649941015689 -1.046659628522189 -0.3602163258283941 0.08366232214872787 0.0489381121367433
1.283228412418684 -1.020287880485766 -0.400781730993564 0.09136325674843297 0.04906938603626321
1.30080688382168 -0.9913252670931083 -0.4398797540119908 0.0981597888329092 0.04921164912623112
1.318385355224676 -0.959921928062429 -0.4774058117042573 0.1039881630506379 0.04936356050946795
1.335963826627671 -0.9262378967013721 -0.5132663349029011 0.1087942403787634 0.04952359778491807
1.353542298030667 -0.8904347258475555 -0.5473866925459085 0.1125350127677141 0.04969024893109025
1.371120769433662 -0.8526797985178367 -0.5797039191605862 0.1151780234825955 0.04986184112906616
1.388699240836658 -0.813137440441064 -0.6101731095648433 0.1167022144407732 0.05003675224015407
1.406277712239654 -0.771973868176997 -0.6387605860951905 0.11709748784146 0.05021322689422596
1.42385618364265 -0.7293481702894404 -0.6654488050977203 0.1163649093358249 0.05038960012373622
1.441434655045645 -0.6854178535459007 -0.6902300249104039 0.1145164147410063 0.0505641063333488
1.459013126448641 -0.6403300242473091 -0.7131098497169455 0.111574427367629 0.05073510754797137
1.476591597851637 -0.5942274876102362 -0.7341014627290172 0.1075717091182529 0.05090090051066692
1.494170069254632 -0.547240388774658 -0.7532279967787431 0.1025504750554039 0.05105994226507998
1.511748540657628 -0.4994928110796224 -0.7705174000782455 0.09656238346956596 0.05121066013443006
1.529327012060623 -0.4510950522789555 -0.7860038624868783 0.0896672441708527 0.05135166795383395
1.546905483463619 -0.4021506548697428 -0.7997233813376966 0.08193313691766459 0.05148158339506006
1.564483954866615 -0.3527494060587167 -0.8117144870564637 0.0734348124877129 0.05159922904591643
1.582062426269611 -0.3029747193836935 -0.822014572279702 0.0642539230455835 0.05170346127040753
1.599640897672606 -0.2528973652534682 -0.8306601523415177 0.05447720878832752 0.05179335152835923
1.617219369075602 -0.2025831096959549 -0.8376840117754911 0.04419681762356722 0.05186803056161635
1.634797840478598 -0.1520871122370198 -0.8431152080821204 0.03350835803502841 0.05192684682938494
1.652376311881593 -0.1014617160245621 -0.8469770761500475 0.02251127942617421 0.05196922906134081
1.669954783284589 -0.05075139560658881 -0.849287142720337 0.01130685716311217 0.05199482027631776
1.687533254687585 -5.834980853048676e-07 -0.8500560123105 -1.399916159597896e-06 0.05200336045412561
1.70511172609058 0.05075098590296944 -0.8492873100699687 -0.01130978008809218 0.05199479626924388
1.722690197493576 0.1014605353453251 -0.8469774533169417 -0.02251397027332973 0.05196918376909665
1.740268668896572 0.1520866764186018 -0.8431156866824251 -0.03351106004492432 0.05192677559413735
1.757847140299567 0.2025818816973854 -0.8376847217225487 -0.04419918810008917 0.05186794129431285
1.775425611702563 0.252896863896642 -0.8306608743455565 -0.05447948195822382 0.05179323537564421
1.793004083105559 0.3029733924088442 -0.8220155309682944 -0.06425578132810017 0.05170333059879435
1.810582554508554 0.3527487747789427 -0.8117153475422227 -0.07343647453458774 0.05159907169689608
1.82816102591155 0.4021491498732715 -0.7997244741581261 -0.08193432309170917 0.05148141504280027
1.845739497314546 0.4510941933509674 -0.78600473097153 -0.0896681503739362 0.0513514743777938
1.863317968717541 0.4994910160875445 -0.7705184944075824 -0.09656278080398034 0.05121045884151884
1.880896440120537 0.5472391674134799 -0.7532287318588755 -0.1025505290451078 0.05105971850381326
1.898474911523533 0.5942252572273327 -0.7341024227531372 -0.1075712538279008 0.05090067190004376
1.916053382926528 0.6403282707116965 -0.7131103154457598 -0.111573590282518 0.05073486055544639
1.933631854329524 0.685415014404359 -0.6902307271570397 -0.1145151036568036 0.05056385679821049
1.95121032573252 0.7293456885593016 -0.6654488873240602 -0.1163632066817906 0.05038933766668911
1.968788797135515 0.7719702307733883 -0.6387609337894006 -0.1170953832938387 0.05021296355505879
1.986367268538511 0.8131340237186552 -0.6101727301564538 -0.1166997397985777 0.05003648285290482
2.003945739941507 0.8526751751897945 -0.5797038533160978 -0.1151752544723213 0.04986157190947485
2.021524211344502 0.8904301783860882 -0.5473858191258399 -0.1125319272769119 0.04968998211497241
2.039102682747498 0.9262321249289914 -0.5132658397872268 -0.1087909989510029 0.04952333175461609
2.056681154150494 0.9599160919520965 -0.4774044603098652 -0.1039846892696206 0.04936330708388018
2.07425962555349 0.9913182357881767 -0.4398788546357983 -0.09815632028684972 0.04921139687786198
2.091838096956485 1.02028066410827 -0.4007799594749146 -0.09135966556968433 0.04906915845511188
2.109416568359481 1.046651303014122 -0.3602150758701723 -0.08365890795190729 0.04893788693032199
2.126995039762476 1.070288032972641 -0.3183046780727454 -0.07512765937683014 0.04881895392642762
2.144573511165472 1.091059157382748 -0.275184097785872 -0.06584867953063195 0.0487134044383153
2.162151982568468 1.108846638081307 -0.2310002676639039 -0.05591267962297432 0.04862237904295596
2.179730453971464 1.123546956305302 -0.1859122992875384 -0.04541769490853679 0.04854663772323952
2.197308925374459 1.135073267328276 -0.14008843319067 -0.03446786675882949 0.04848704198098162
2.214887396777455 1.1433566869175 -0.09370547628951355 -0.02317240887267076 0.0484440776778203
2.232465868180451 1.148346675864746 -0.04694615022845321 -0.01164414462796498 0.04841682273235578
