128
0.0497502521061691
0 1.100002965737582 1.179670073411836e-05 -1.719445443975878e-07 0.04796462749923455
0.02282475864879381 1.098517448113665 0.04737258918234349 0.007413157037198357 0.04797805993313167
0.04564951729758762 1.094072335978522 0.09457907420593564 0.01475503531313724 0.04800048242459154
0.06847427594638143 1.086690378278844 0.1414637712579279 0.0219558461461122 0.0480374041967534
0.09129903459517524 1.076404316101925 0.1878805483359155 0.02894840270281021 0.04808900476230498
0.1141237932439691 1.063261007698181 0.2336693165422712 0.03566352332752168 0.04815484051614849
0.1369485518927629 1.04731564301214 0.2786917371995557 0.04203777424567551 0.04823445853101532
0.1597733105415567 1.028643174596737 0.322799653398718 0.04800856261535465 0.04832722538796488
0.1825980691903505 1.00732453895011 0.3658693707891843 0.05351868559617096 0.0484324928438012
0.2054228278391443 0.9834566444101183 0.4077691837423014 0.05851341099324389 0.04854865397075544
0.2282475864879381 0.9571360999625727 0.4483891424641515 0.06294684193834375 0.04867414699189493
0.2510723451367319 0.9284763152302913 0.4876140245538819 0.06677779677351166 0.04880788972506021
0.2738971037855257 0.8975881006027393 0.5253531948394076 0.06997028902928855 0.048949622273272
0.2967218624343195 0.8645966559165007 0.5615140935770649 0.07249048301268572 0.04909834260096424
0.3195466210831134 0.8296205858322595 0.5960260904896838 0.07431216444958744 0.04925246808625074
0.3423713797319072 0.7927939059404572 0.6288182997831701 0.07541750387739538 0.04941000325983649
0.365196138380701 0.7542421149540117 0.6598419896030222 0.07579698619111416 0.04956952330442729
0.3880208970294948 0.7141015426119469 0.6890479671654973 0.07544689838408303 0.04972931321885075
0.4108456556782886 0.6724939849133521 0.7164027458337286 0.0743703918210057 0.0498877476847102
0.4336704143270824 0.6295514711316725 0.7418726100884828 0.07257856348703025 0.05004332789814214
0.4564951729758762 0.585392049358474 0.7654419313178558 0.07008781153597277 0.05019527505462547
0.47931993162467 0.5401427856739901 0.7870973112377347 0.06691957177093524 0.0503422347240441
0.5021446902734639 0.4939136769311304 0.8068370457561258 0.06310161030488996 0.05048227892870692
0.5249694489222576 0.4468227878215996 0.8246584247229931 0.05867268803925173 0.05061325948141678
0.5477942075710515 0.398970906088399 0.8405686743942757 0.05367778314278319 0.05073402465602159
0.5706189662198453 0.3504654465426197 0.8545730908660929 0.0481660958851995 0.05084368879841208
0.5934437248686391 0.3013953296710048 0.8666804063162566 0.04218827934403691 0.050941326744098
0.6162684835174329 0.2518573223296886 0.8768973668924764 0.03580200314247289 0.05102580449938949
0.6390932421662268 0.2019318968301415 0.8852374267355714 0.02906793218095734 0.05109643152363965
0.6619180008150205 0.151707766547577 0.8917128737054935 0.02205093984604082 0.05115238292618922
0.6847427594638144 0.1012573825653774 0.8963337216515174 0.01481779981923232 0.05119265352249285
0.7075675181126081 0.05066279719464369 0.8991043077028018 0.00744226074395887 0.05121648794603027
0.7303922767614019 -7.914861099014502e-06 0.9000282190391389 -2.590436778159837e-06 0.05122410299438422
0.7532170354101958 -0.05067553125550576 0.8991064489996866 -0.00744517822728593 0.05121599776520876
0.7760417940589895 -0.1012730389904954 0.8963361650903775 -0.01481771784872463 0.0511921762485538
0.7988665527077834 -0.1517201299144487 0.8917133153043623 -0.02204842174411807 0.05115236069468887
0.8216913113565771 -0.2019469782559005 0.8852336174513489 -0.02906649806838294 0.0510967877496846
0.844516070005371 -0.2518691856612281 0.8768918388706998 -0.03580232743273866 0.0510262357192772
0.8673408286541648 -0.3014105791369937 0.8666754407669479 -0.04219132118367452 0.05094144807911435
0.8901655873029586 -0.3504781326998602 0.8545716335944753 -0.04816946588786632 0.05084336241228036
0.9129903459517524 -0.398986660018372 0.8405677507434396 -0.05367948068437137 0.05073332572635315
0.9358151046005463 -0.4468347129130313 0.8246575200481373 -0.05867035212419943 0.0506127905817934
0.95863986324934 -0.4939276325683431 0.8068323477520403 -0.06309748896746026 0.05048245988644284
0.9814646218981339 -0.5401529232229658 0.7870907836697142 -0.06691647705461924 0.05034299837599669
1.004289380546928 -0.5854050664326745 0.7654320264592492 -0.07008789307319906 0.05019582325457565
1.027114139195721 -0.6295620183668061 0.741864900178635 -0.07258011648201196 0.050043233099972
1.049938897844515 -0.6725083894083357 0.7163957063347535 -0.07437138683160369 0.04988705658625573
1.072763656493309 -0.7141130059902498 0.6890442834095465 -0.0754455819520703 0.04972864789333315
1.095588415142103 -0.7542548152782268 0.6598348885787558 -0.07579317995715824 0.04956924320922906
1.118413173790897 -0.792801303513159 0.628810315845602 -0.07541231236729021 0.04941044033103369
1.141237932439691 -0.8296293348773017 0.5960128943168498 -0.07430784201129417 0.04925339521763512
1.164062691088484 -0.8646031234623224 0.5615020976122993 -0.07248918186937303 0.04909926655857395
1.186887449737278 -0.8975983050484482 0.5253384519430577 -0.06997101581735997 0.04894972328302143
1.209712208386072 -0.9284847328520396 0.487603340671001 -0.06677816054436167 0.04880718261892858
1.232536967034866 -0.9571463447274116 0.4483765990506668 -0.06294412542952059 0.04867329438896736
1.25536172568366 -0.9834629593701827 0.40775971690624 -0.05850890373264114 0.04854862134313071
1.278186484332454 -1.007329973220956 0.3658542848147723 -0.05351384955586164 0.04843333349289016
1.301011242981247 -1.028644266862865 0.3227852409463496 -0.04800600929308222 0.048328478432196
1.323836001630041 -1.047317889290369 0.2786717950252544 -0.04203680537840629 0.04823542813689242
1.346660760278835 -1.063263672170657 0.23365280706682 -0.03566460102181655 0.04815527539857829
1.369485518927629 -1.076409851460985 0.1878604969412117 -0.02894909047906529 0.04808873902079786
1.392310277576422 -1.086694437026348 0.1414484240513591 -0.02195588270907469 0.04803678099972739
1.415135036225216 -1.094074338244188 0.09456020148500049 -0.01475260816157549 0.04800008477367852
1.43795979487401 -1.098516078752833 0.04735767635590638 -0.007411296341977305 0.04797840767440127
1.460784553522804 -1.099999560782727 -8.585760143055244e-06 -1.626269176468256e-07 0.0479709237984516
1.483609312171598 -1.098517172258482 -0.04737029547634175 0.007411640485490368 0.04797754447771867
1.506434070820392 -1.094075663448019 -0.0945751001571576 0.01475604774202434 0.04799919347544104
1.529258829469185 -1.086695483782201 -0.1414585858174725 0.02195992634712291 0.04803655436493399
1.552083588117979 -1.076407459839682 -0.1878740852604186 0.02895296893825215 0.04808918006476512
1.574908346766773 -1.063259851054815 -0.2336629881952111 0.03566643400817642 0.048155939052881
1.597733105415567 -1.047312653805896 -0.2786863596956417 0.04203807896096837 0.04823603740968212
1.620557864064361 -1.02864239407414 -0.3227978028441914 0.04800632794178931 0.04832873682579124
1.643382622713154 -1.007327989682879 -0.3658709071323409 0.05351501920262732 0.04843302968399169
1.666207381361948 -0.9834625761519131 -0.4077720204889253 0.05851134088569675 0.04854780350464122
1.689032140010742 -0.9571425810062034 -0.4483897259490027 0.06294898699015297 0.04867271783605584
1.711856898659536 -0.9284816854586133 -0.4876121499587899 0.06678307193278189 0.04880742632953607
1.73468165730833 -0.8975916925861378 -0.5253501817339163 0.06997402299719777 0.04895065955709534
1.757506415957123 -0.8645981321949783 -0.5615120988068956 0.07248950779739176 0.04909998356089586
1.780331174605917 -0.8296221853451773 -0.5960263383604655 0.07430816464779252 0.0492534655790764
1.803155933254711 -0.7927980693283826 -0.6288223724758036 0.07541467130712884 0.04941001122941795
1.825980691903505 -0.7542494962877182 -0.6598490043499359 0.07579762011865777 0.04956883821657962
1.848805450552299 -0.7141093909797758 -0.6890543490843228 0.07545069421168092 0.04972840803371367
1.871630209201093 -0.6725001866594147 -0.7164047371464576 0.07437603481532656 0.04988719295621223
1.894454967849886 -0.6295557691036501 -0.7418712967857882 0.07258378875863433 0.05004375200102711
1.91727972649868 -0.5853960023651362 -0.7654415438155325 0.07008964284637233 0.050196519351293
1.940104485147474 -0.540147086949357 -0.7871007951983027 0.06691749421005708 0.05034321642511437
1.962929243796268 -0.4939189514467508 -0.8068438136678076 0.0630998531774869 0.05048208781067275
1.985754002445062 -0.4468289720869891 -0.8246667574323316 0.05867615404712154 0.05061229138520097
2.008578761093855 -0.3989775806209016 -0.8405762390260397 0.05368627648256569 0.05073333707110113
2.031403519742649 -0.3504712603857068 -0.854577070970144 0.0481749372076249 0.05084378143230898
2.054228278391443 -0.3014000435651181 -0.8666800141461433 0.04219407039703497 0.05094189839496829
2.077053037040237 -0.2518615404462309 -0.876896620025721 0.03580476399191748 0.05102645931748261
2.09987779568903 -0.2019365404104983 -0.8852413559877959 0.02906913859968423 0.05109683032807077
2.122702554337824 -0.1517126714202932 -0.8917214766705323 0.02205279504621872 0.05115220076538719
2.145527312986618 -0.1012623736032453 -0.8963423048171372 0.01482355077216535 0.05119195500802137
2.168352071635412 -0.05066767485814324 -0.8991093388497761 0.00745287860031691 0.05121605760229042
2.191176830284206 3.120040722781283e-06 -0.9000296193050578 8.70079215186586e-06 0.05122458827398195
2.214001588933 0.05067106896785536 -0.8991055997911981 -0.007438638832797216 0.05121700037991988
2.236826347581793 0.1012688457469128 -0.8963353624113655 -0.01481600871983312 0.05119268553621741
2.259651106230587 0.1517163003058846 -0.8917159403147608 -0.02204691827057523 0.05115206417212603
2.282475864879381 0.2019435004580867 -0.8852407547418445 -0.02906178300725094 0.05109623613056676
2.305300623528175 0.2518657308514938 -0.8768993482977904 -0.03579439952665842 0.05102601499945432
2.328125382176969 0.301406348867279 -0.8666780514365928 -0.04218147987661276 0.05094171470560868
2.350950140825763 0.3504731810619765 -0.854569179501168 -0.04815994138955704 0.05084412974805873
2.373774899474556 0.3989821411002152 -0.8405645666170393 -0.05367371437042043 0.05073432784330567
2.39659965812335 0.4468315940818633 -0.8246569244675263 -0.05866963555552183 0.05061329000673039
2.419424416772144 0.4939255196453867 -0.8068347293512854 -0.06309790372938365 0.05048188102879091
2.442249175420938 0.5401508177063384 -0.7870953310357507 -0.0669126489744995 0.05034194257954366
2.465073934069732 0.5854023400836387 -0.7654368275790977 -0.07007936673047813 0.05019556240265791
2.487898692718526 0.6295581470963661 -0.7418666093453746 -0.07257125415216749 0.05004422252744633
2.510723451367319 0.6725033081056783 -0.7163925725430953 -0.07436581412618316 0.04988844050839614
2.533548210016113 0.7141081010797703 -0.6890392861848255 -0.07544352960141619 0.04972945668797345
2.556372968664907 0.7542525386810303 -0.659832833166937 -0.07579335254417276 0.04956920655012904
2.579197727313701 0.7928019407949711 -0.6288126358089804 -0.0754129792332012 0.049409762979295
2.602022485962495 0.8296301656842338 -0.596016884070334 -0.07430630455732987 0.04925239761138093
2.624847244611288 0.8646011336752649 -0.5615050375076417 -0.07248356512910169 0.04909872361772437
2.647672003260082 0.8975937613019173 -0.5253391561193025 -0.06996342565502227 0.04895046052081095
2.670496761908876 0.9284798407419899 -0.4876016033977633 -0.06677358449862932 0.04880901058395547
2.693321520557669 0.9571429847620818 -0.4483727152929606 -0.06294489397170773 0.04867469649742734
2.716146279206463 0.9834617547371166 -0.4077562406478845 -0.05851207126938479 0.04854839668739797
2.738971037855257 1.00733150245329 -0.3658538401923784 -0.05351482832739633 0.04843189044703405
2.761795796504051 1.028647427878408 -0.3227881365013392 -0.04800341752410203 0.04832730033073793
2.784620555152845 1.047319488782481 -0.2786748781276616 -0.04203236243719453 0.0482353298865181
2.807445313801639 1.063260736857671 -0.2336539113051843 -0.03566039034948976 0.04815614956229152
2.830270072450432 1.076404039489687 -0.187859045623348 -0.02894631165469544 0.04809012623685848
2.853094831099226 1.086690511766138 -0.1414455717399641 -0.02195570136388358 0.04803827975681587
2.87591958974802 1.094075207529411 -0.0945560244323142 -0.01475497889162144 0.04800095410864996
2.898744348396814 1.098520029555043 -0.04735372110792679 -0.007413623447441772 0.04797243932102538
