128
0.04807687873962507
0 1.300030803096177 -1.181062974254519e-05 -1.15176644005251e-06 0.04932435806129249
0.02933653196237008 1.297928208683772 0.04388559264665295 0.02234035787389764 0.04934525295754467
0.05867306392474016 1.291587693701844 0.08756388142894497 0.04443911655383949 0.04940854410447992
0.08800959588711024 1.281015695063648 0.1307339153323172 0.06606258255868946 0.04949617184758619
0.1173461278494803 1.266315494861225 0.1731487230713746 0.08700606382801444 0.04962467807244912
0.1466826598118504 1.247653916651692 0.2146130178181755 0.1070320405652537 0.0498117120506655
0.1760191917742205 1.225165078967605 0.2549710869154824 0.125912637106115 0.05003771793460689
0.2053557237365906 1.199004267719461 0.2939790699000979 0.1434545652864936 0.05027063033401107
0.2346922556989607 1.169379746489727 0.331421144063858 0.1595259209954206 0.05051706382758425
0.2640287876613308 1.136548040572652 0.3671562382331324 0.173969585199105 0.05080658313197486
0.2933653196237008 1.100716735296538 0.4011130791628397 0.1866039491206331 0.05113807841874544
0.3227018515860709 1.062118285793574 0.4331642878748926 0.1972841013380249 0.05148037811111796
0.352038383548441 1.021023693720613 0.4632121182540991 0.2059639448350402 0.05182350019003565
0.381374915510811 0.9777413869315035 0.491226331347822 0.2126058997638415 0.05218121975405701
0.4107114474731812 0.9325094187909202 0.5172095826388843 0.2171283512318743 0.05255133351242715
0.4400479794355512 0.8855696501483841 0.5411054216035583 0.2194747221469957 0.05291484881623514
0.4693845113979213 0.8371687873200957 0.5629150461221365 0.2196782304288097 0.05327344303355048
0.4987210433602914 0.7875734946959259 0.5827372010594517 0.217777378618865 0.0536386145838753
0.5280575753226615 0.7369871994370141 0.6006694110566903 0.2137727058759607 0.05399722823873226
0.5573941072850316 0.6856142109528233 0.6167259570215385 0.2077291149097378 0.05432722360608359
0.5867306392474017 0.6336323241349129 0.6309743448169186 0.199785623696796 0.05463510271992579
0.6160671712097717 0.5812189142027059 0.643561093269627 0.1900293495336869 0.05493422631053135
0.6454037031721418 0.528500771429128 0.6545957909405385 0.1785005028738837 0.05521469899535007
0.6747402351345119 0.4755995827049092 0.6641421952596496 0.165347343977844 0.05546343586631711
0.7040767670968819 0.4225955087642519 0.672339074697314 0.1507705068786662 0.0556870931140478
0.733413299059252 0.3695723290766101 0.6793274896371375 0.13488949013162 0.05588890428797635
0.7627498310216221 0.3165770421977387 0.6851510258750356 0.1178078758845262 0.05606021218608588
0.7920863629839923 0.2636451998774633 0.6898686819621026 0.0997273051062432 0.0562009646734619
0.8214228949463623 0.2107835515184578 0.6936304842800486 0.08082243723910174 0.05632023178991521
0.8507594269087324 0.1580117228594764 0.6965196501337332 0.06121068776161476 0.05641517377135062
0.8800959588711025 0.1053066779822691 0.6985254347925094 0.04107383593329585 0.05647852808130372
0.9094324908334726 0.05264437791274007 0.6996943341904319 0.02064111799780024 0.05651463887483312
0.9387690227958426 5.062360968883783e-06 0.7000977043798685 3.853465064916728e-05 0.05652986926634207
0.9681055547582127 -0.05261763158399673 0.6997095774508068 -0.02060903642262334 0.05651886610810181
0.9974420867205828 -0.1052721727163068 0.6984998821027067 -0.04108004330907539 0.05647695727939317
1.026778618682953 -0.1579834074605541 0.6965003106970712 -0.06117154934790577 0.05641074016241107
1.056115150645323 -0.2107646398172964 0.6936680311982825 -0.08077176767954988 0.0563231351356897
1.085451682607693 -0.2636167294884209 0.6898849927333187 -0.09971035900807786 0.05620610560545881
1.114788214570063 -0.3165541236878457 0.6851058742674749 -0.117777961666341 0.05605793825883665
1.144124746532433 -0.3695484760221673 0.6793088864197475 -0.1348369210309035 0.05588682542297114
1.173461278494803 -0.4225705539390928 0.6723671860966443 -0.150765554202108 0.05569071036381169
1.202797810457173 -0.4755664109371406 0.6641447818537598 -0.1653584530480017 0.05546278052321685
1.232134342419543 -0.5284766366277995 0.6545777069409873 -0.1784526913604736 0.05521009955192551
1.261470874381914 -0.5811964264150815 0.6435727344172427 -0.1899690252777852 0.05494081883069871
1.290807406344284 -0.6336161555945217 0.6309753563130488 -0.1997918442523829 0.05464560772648568
1.320143938306654 -0.6855866205161554 0.6166921084729298 -0.2077488750306723 0.05432140081524847
1.349480470269024 -0.736962144541991 0.6006664965878841 -0.2137470488262858 0.05398474923380272
1.378817002231394 -0.7875535972923008 0.5827870009704653 -0.2177510373246044 0.05364395161618742
1.408153534193764 -0.8371583563689047 0.5629295344848766 -0.2196851403298155 0.05328714871519873
1.437490066156134 -0.8855398006242243 0.5410676675038807 -0.2194692850435336 0.0529151049688154
1.466826598118504 -0.9324865467802022 0.5171935491406523 -0.2171036066140941 0.05254632003817554
1.496163130080874 -0.9777431314103835 0.4912601876115239 -0.2126176046484294 0.05218624198779719
1.525499662043244 -1.021040149683137 0.4632316621751686 -0.2060060224712382 0.05182473642750259
1.554836194005614 -1.062097717179965 0.4331681915305229 -0.197290857805755 0.05146866064116424
1.584172725967985 -1.100687734613297 0.4011347387703824 -0.1865685677940477 0.05113732019651294
1.613509257930354 -1.136548832340964 0.3671864986870623 -0.1739639996320363 0.05083054000943684
1.642845789892725 -1.169411296618376 0.3314039931003712 -0.1595680690238705 0.05053318638836007
1.672182321855095 -1.199016008046606 0.2939583793113363 -0.1434938569899802 0.05025238060195623
1.701518853817465 -1.225173903811079 0.2550039938495737 -0.1259088293803144 0.05001306978783197
1.730855385779835 -1.247685835126497 0.2146871074838254 -0.1070227052184592 0.04981961431476638
1.760191917742205 -1.266355081648053 0.1731719498527334 -0.08701963979265935 0.04965180183804866
1.789528449704575 -1.281017327328974 0.1307166640984605 -0.06609004407825038 0.04950449144873131
1.818864981666945 -1.291586070681826 0.08755767642141857 -0.04444382140718808 0.04939831909132854
1.848201513629315 -1.297982622715603 0.04391489813423899 -0.02233386108367115 0.04934545201886462
1.877538045591685 -1.300124021272482 -4.058694331851983e-06 4.149741844375917e-06 0.04933181718022175
1.906874577554055 -1.297972988655151 -0.04391595876141383 0.02233917763787243 0.04934641833070122
1.936211109516425 -1.291576861027018 -0.08756778168046107 0.04445219350620465 0.04940145781007728
1.965547641478796 -1.281016875529285 -0.1307284880270973 0.06609253350350641 0.04950725862100943
1.994884173441166 -1.266354203151695 -0.1731925402052724 0.08702392670096545 0.04964972826091148
2.024220705403536 -1.247684606932707 -0.2146921024438392 0.1070276208512074 0.04981374716766264
2.053557237365906 -1.225167801195856 -0.2550039746943439 0.1259210544987162 0.05001060395449654
2.082893769328276 -1.199011925376933 -0.2939546962209706 0.1435006207194033 0.05025614185353978
2.112230301290646 -1.16939810818495 -0.3314138711809728 0.1595681830732417 0.05053781450341198
2.141566833253016 -1.136537597155099 -0.3671943840678447 0.1739593482651531 0.05083023542356607
2.170903365215386 -1.100676797687286 -0.4011446350382272 0.1865735700266063 0.05113399625389484
2.200239897177756 -1.062097350987287 -0.4331727931748567 0.1973011087207344 0.05146634197292965
2.229576429140126 -1.021032180943626 -0.4632359840682473 0.2060132567584535 0.05182408327654812
2.258912961102496 -0.9777347279580723 -0.4912531915531324 0.2126168779080333 0.05218605520580194
2.288249493064866 -0.9324720243878849 -0.5171890485890039 0.217102573826257 0.05254776600234678
2.317586025027237 -0.8855334582476787 -0.5410714385371228 0.2194691657656873 0.05291707679054715
2.346922556989607 -0.8371473048342063 -0.5629408114858138 0.2196845281217465 0.05328631286518247
2.376259088951977 -0.7875475034588628 -0.5827865239283644 0.2177548148181556 0.05364001226147383
2.405595620914347 -0.7369516899787975 -0.6006586627679339 0.2137561715176492 0.05398277142584346
2.434932152876717 -0.685582426882642 -0.616684882823226 0.2077530698836313 0.05432284656864408
2.464268684839087 -0.6336066648446836 -0.6309728029273923 0.1997837394055734 0.05464709719002408
2.493605216801457 -0.5811913328612035 -0.6435693566426581 0.1899644813942936 0.05493998766488576
2.522941748763827 -0.5284664461807009 -0.6545784884043795 0.1784590507022245 0.05520883860598368
2.552278280726197 -0.4755616281907908 -0.6641441202863514 0.1653673473120674 0.05546158336109712
2.581614812688567 -0.4225627152482718 -0.6723561358297301 0.1507661978286275 0.05568938963613405
2.610951344650937 -0.369546335041375 -0.6792926380813729 0.1348378351052834 0.05588622921687208
2.640287876613308 -0.3165484979924956 -0.6851009552805052 0.1177771434293657 0.05605864984876936
2.669624408575678 -0.2636155752973768 -0.6898857714458246 0.09970912459636634 0.05620596645312055
2.698960940538047 -0.2107577485768242 -0.693660607761735 0.08077511664596354 0.05632159646802495
2.728297472500417 -0.1579796108468166 -0.696486718703019 0.06118397761051123 0.0564094905762724
2.757634004462788 -0.1052677712733125 -0.6984875462432245 0.0410833453619885 0.05647667515558907
2.786970536425158 -0.05262109874016378 -0.6996960228495154 0.02060425849267893 0.05651817841309099
2.816307068387528 6.450000923968453e-06 -0.7000862142235678 -3.930587031729216e-05 0.05652873380971813
2.845643600349898 0.05264405991441833 -0.6996897698144828 -0.02063175425369093 0.05651429600665856
2.874980132312268 0.1053097506546773 -0.6985164494859845 -0.04106826691646349 0.0564785247120546
2.904316664274638 0.1580091049517748 -0.6964981031947891 -0.06120571541338473 0.05641430675253099
2.933653196237008 0.2107835133676857 -0.693609864880416 -0.08081914179429822 0.05631876239831583
2.962989728199378 0.2636384656300302 -0.6898591733465622 -0.09972751556448754 0.05620011996118066
2.992326260161748 0.3165738014046995 -0.6851414221867131 -0.117810639815483 0.0560592910814487
3.021662792124118 0.3695659555834069 -0.6793123188070124 -0.1348803326757428 0.05588814614556994
3.050999324086488 0.4225941892006647 -0.6723223292883602 -0.1507597667641379 0.05568735490160361
3.080335856048859 0.4755911556255553 -0.6641240368992758 -0.165346485850407 0.0554639390006174
3.109672388011229 0.5284950388850552 -0.6545738638871884 -0.1785069354846532 0.05521262703377939
3.139008919973599 0.5812069763191365 -0.643547012839634 -0.190028098325363 0.05493132496108094
3.168345451935969 0.63362592550011 -0.6309670869192888 -0.1997821640763577 0.05463449879826605
3.197681983898339 0.6856014415806795 -0.6167137921595539 -0.2077270166852306 0.05432860693266046
3.227018515860709 0.7369783891055545 -0.6006452822981679 -0.2137708041502951 0.05399715308937426
3.256355047823079 0.7875585401068521 -0.5827180709025377 -0.2177762565587497 0.05363754340560386
3.285691579785449 0.8371618959637445 -0.5629025321589103 -0.2196854803333461 0.05327210140133052
3.315028111747819 0.8855558508661399 -0.5410972747315814 -0.2194848400688683 0.05291266794385884
3.344364643710189 0.9324973981358893 -0.5171977592545982 -0.2171298048592736 0.05254854122261726
3.373701175672559 0.9777213871975661 -0.491219894715397 -0.2126027878076837 0.05218161996935602
3.40303770763493 1.021013029218615 -0.4631999009636283 -0.2059673242514286 0.0518263267655279
3.4323742395973 1.062103573787498 -0.4331512665907257 -0.1972974514662482 0.05148053084191668
3.46171077155967 1.100706985802167 -0.4010992809139581 -0.1866149163762396 0.05113320742421611
3.49104730352204 1.136533580209987 -0.3671598805915576 -0.1739784472065413 0.05080217753482041
3.52038383548441 1.169372701484173 -0.3314244516366023 -0.1595328601090404 0.05051674888880368
3.54972036744678 1.198989567162049 -0.293982645332195 -0.1434666193566995 0.05027206619931281
3.57905689940915 1.225150534212446 -0.2549643858584785 -0.1259215181973233 0.05003702785029594
3.60839343137152 1.247639387059393 -0.2146175695986694 -0.1070444526986796 0.04981004939722868
3.63772996333389 1.266314760893468 -0.1731510452709927 -0.08701808815856557 0.04962308419268565
3.66706649529626 1.281016482544285 -0.1307459148965675 -0.06608087571403595 0.04949300380482794
3.69640302725863 1.29158560986624 -0.08757397986339498 -0.04445061174353538 0.04940298437409288
3.725739559221001 1.297921914647948 -0.04391233226139047 -0.02235151883102674 0.04934642536048177
